4 0.146322 0.152915 0.033029 0.039002
4 0.290024 0.246094 0.031971 0.066707
4 0.823840 0.262434 0.029892 0.094579
4 0.459850 0.271599 0.071142 0.079255
4 0.751803 0.292067 0.075721 0.084135
4 0.406250 0.031250 0.086538 0.062500
4 0.562500 0.368389 0.067308 0.118990
4 0.572716 0.412260 0.020433 0.216346
4 0.847356 0.427284 0.112981 0.051683
4 0.085938 0.429688 0.066106 0.212740
4 0.201983 0.440974 0.077043 0.040601
4 0.875601 0.444111 0.039663 0.073317
4 0.385216 0.450120 0.169471 0.436298
4 0.640625 0.698317 0.197115 0.175481
4 0.425481 0.775240 0.033654 0.096154
4 0.690505 0.778245 0.099760 0.176683
4 0.028245 0.860198 0.056490 0.141070
4 0.808732 0.887849 0.042945 0.032909
4 0.385817 0.902644 0.165865 0.096154
4 0.614988 0.906821 0.052091 0.044411
4 0.341346 0.911659 0.129808 0.070913
4 0.968179 0.919886 0.046935 0.094579
4 0.896743 0.978311 0.045889 0.040757