4 0.073317 0.162055 0.146635 0.040457
4 0.385817 0.192909 0.055288 0.118990
4 0.094171 0.205805 0.188341 0.036611
4 0.518630 0.233666 0.078125 0.046659
4 0.880409 0.240986 0.106971 0.078125
4 0.341947 0.282452 0.207933 0.343750
4 0.500391 0.301755 0.065685 0.050625
4 0.724159 0.322716 0.155048 0.063702
4 0.503606 0.362981 0.151442 0.062500
4 0.139423 0.412260 0.134615 0.134615
4 0.712392 0.049069 0.083438 0.059675
4 0.748798 0.516226 0.021635 0.094952
4 0.103365 0.565505 0.134615 0.061298
4 0.602764 0.615986 0.167067 0.186298
4 0.409856 0.727764 0.125000 0.061298
4 0.677885 0.795673 0.120192 0.134615
4 0.573239 0.085661 0.033498 0.065553
4 0.313702 0.879808 0.110577 0.024038
4 0.546851 0.890096 0.100913 0.049423
4 0.966947 0.957392 0.066106 0.080649