4 0.108173 0.150841 0.055288 0.123798
4 0.549099 0.198437 0.064543 0.050721
4 0.166653 0.251064 0.020805 0.067031
4 0.889808 0.402302 0.053654 0.032969
4 0.263822 0.503005 0.126202 0.080529
4 0.602163 0.503606 0.062500 0.055288
4 0.112380 0.058894 0.155048 0.060096
4 0.295072 0.662861 0.078125 0.015625
4 0.289062 0.689904 0.025240 0.103365
4 0.719351 0.785457 0.080529 0.061298
4 0.700120 0.808894 0.025240 0.064904
4 0.207608 0.847139 0.042620 0.040433
4 0.935535 0.861875 0.058570 0.024231
4 0.807969 0.898299 0.046226 0.039387
4 0.955859 0.943870 0.053546 0.036779
4 0.209736 0.957332 0.111779 0.049279
4 0.594351 0.962740 0.037260 0.072115
4 0.203059 0.966707 0.026310 0.063221
4 0.585938 0.967548 0.046875 0.052885