4 0.578624 0.285240 0.068305 0.070481
4 0.461418 0.028846 0.031010 0.057692
4 0.894189 0.037861 0.122512 0.075721
4 0.727163 0.376202 0.127404 0.098558
4 0.393029 0.460337 0.076923 0.050481
4 0.532380 0.466532 0.067163 0.043642
4 0.715144 0.540264 0.180288 0.248798
4 0.262620 0.566707 0.066106 0.287260
4 0.206130 0.608173 0.378606 0.165865
4 0.102163 0.609375 0.084135 0.088942
4 0.719952 0.624399 0.223558 0.044471
4 0.657452 0.683894 0.213942 0.187500
4 0.337740 0.692909 0.076923 0.174279
4 0.641226 0.713341 0.109375 0.070913
4 0.075415 0.912151 0.049868 0.045457
4 0.730168 0.921274 0.097356 0.073317