4 0.167067 0.148438 0.334135 0.070913
4 0.701677 0.022236 0.033161 0.044471
4 0.061148 0.246358 0.028546 0.048005
4 0.892716 0.289681 0.035433 0.052921
4 0.917855 0.345493 0.052055 0.041947
4 0.105451 0.035228 0.035421 0.039207
4 0.146953 0.363732 0.053522 0.032752
4 0.263822 0.370192 0.099760 0.149038
4 0.914663 0.388822 0.139423 0.042067
4 0.183936 0.043269 0.182776 0.086538
4 0.679688 0.490986 0.068510 0.030048
4 0.868389 0.504808 0.260817 0.062500
4 0.041869 0.514609 0.030853 0.072488
4 0.975096 0.072825 0.048750 0.063918
4 0.023438 0.748918 0.046875 0.089183
4 0.261490 0.865168 0.044615 0.035625
4 0.466947 0.870192 0.099760 0.060096
4 0.300907 0.907602 0.044123 0.050781