4 0.721755 0.150841 0.114183 0.056490
4 0.025240 0.223972 0.050481 0.032079
4 0.077524 0.323744 0.155048 0.097007
4 0.420673 0.340144 0.247596 0.067308
4 0.760817 0.419471 0.055288 0.127404
4 0.319651 0.043798 0.062380 0.041923
4 0.383413 0.441106 0.055288 0.283654
4 0.304688 0.503005 0.056490 0.051683
4 0.411659 0.543870 0.164663 0.150240
4 0.963341 0.559495 0.068510 0.049279
4 0.038768 0.586677 0.029459 0.060373
4 0.692909 0.609375 0.073317 0.144231
4 0.740385 0.625601 0.050481 0.032452
4 0.918870 0.638221 0.068510 0.021635
4 0.069111 0.691106 0.138221 0.076923
4 0.439904 0.888822 0.399038 0.042067
4 0.931490 0.968149 0.072115 0.063702