4 0.183528 0.161364 0.047344 0.053498
4 0.218966 0.023011 0.060529 0.046022
4 0.521412 0.024639 0.112536 0.049279
4 0.096154 0.248197 0.064904 0.046875
4 0.609375 0.260817 0.086538 0.021635
4 0.585938 0.289062 0.109375 0.097356
4 0.600962 0.313101 0.115385 0.087740
4 0.517620 0.039062 0.047260 0.078125
4 0.671274 0.396635 0.056490 0.031250
4 0.612380 0.440505 0.051683 0.049279
4 0.530475 0.044471 0.039315 0.088942
4 0.253606 0.519231 0.062500 0.115385
4 0.331130 0.548077 0.020433 0.048077
4 0.283654 0.651442 0.050481 0.096154
4 0.829327 0.656851 0.028846 0.051683
4 0.109375 0.662260 0.019231 0.081731
4 0.861178 0.667668 0.133413 0.037260
4 0.897236 0.676683 0.044471 0.084135
4 0.346755 0.758413 0.034856 0.045673
4 0.256010 0.838341 0.103365 0.082933
4 0.474760 0.872596 0.084135 0.064904
4 0.708534 0.924880 0.080529 0.078125
4 0.325264 0.984375 0.080817 0.028846