4 0.180288 0.148438 0.264423 0.109375
4 0.690505 0.231971 0.049279 0.081731
4 0.296977 0.028846 0.026647 0.057692
4 0.760415 0.298930 0.047272 0.035361
4 0.898438 0.369591 0.066106 0.068510
4 0.329327 0.385216 0.050481 0.049279
4 0.903846 0.390625 0.028846 0.096154
4 0.959135 0.401442 0.060096 0.091346
4 0.093750 0.405649 0.050481 0.070913
4 0.781250 0.409255 0.052885 0.051683
4 0.843149 0.453125 0.039663 0.057692
4 0.153846 0.485577 0.062500 0.115385
4 0.364784 0.501803 0.078125 0.037260
4 0.194111 0.620793 0.099760 0.118990
4 0.325721 0.795072 0.055288 0.111779
4 0.960102 0.812933 0.078858 0.121058
4 0.780649 0.831731 0.068510 0.052885
4 0.155649 0.841947 0.046875 0.042067
4 0.966130 0.879808 0.064471 0.240385
4 0.948918 0.974159 0.099760 0.049279
4 0.483173 0.108173 0.079327 0.216346
4 0.702362 0.116070 0.229243 0.167236