4 0.820312 0.129207 0.049279 0.073317
4 0.012019 0.139321 0.024038 0.040661
4 0.250841 0.172668 0.061779 0.032837
4 0.783654 0.277644 0.045673 0.040865
4 0.172476 0.367188 0.068510 0.061298
4 0.510216 0.617188 0.102163 0.306490
4 0.318510 0.635817 0.045673 0.050481
4 0.877404 0.667067 0.036058 0.067308
4 0.418269 0.672476 0.028846 0.068510
4 0.677885 0.678486 0.076923 0.109375
4 0.863582 0.744591 0.162260 0.025240
4 0.768029 0.912260 0.036058 0.060096
4 0.266226 0.926082 0.068510 0.080529
4 0.137909 0.926941 0.049856 0.058209
4 0.597957 0.960938 0.032452 0.073317