4 0.190505 0.012620 0.056490 0.025240
4 0.697716 0.154447 0.075721 0.025240
4 0.888858 0.210156 0.181562 0.030889
4 0.885216 0.221755 0.155048 0.106971
4 0.403323 0.227831 0.078281 0.123930
4 0.099231 0.033125 0.018173 0.066250
4 0.236190 0.402031 0.058918 0.099736
4 0.492788 0.443510 0.290865 0.146635
4 0.531851 0.515625 0.018029 0.064904
4 0.503678 0.557716 0.110721 0.076971
4 0.109976 0.063702 0.159856 0.127404
4 0.448317 0.725361 0.149038 0.078125
4 0.785950 0.079423 0.040649 0.158846
4 0.887506 0.010889 0.032224 0.021779