4 0.755499 0.133684 0.047055 0.058233
4 0.441142 0.168017 0.040938 0.042764
4 0.760216 0.225361 0.056490 0.030048
4 0.470246 0.267368 0.051070 0.044351
4 0.180601 0.365300 0.048702 0.019063
4 0.623462 0.577813 0.141154 0.040240
4 0.332332 0.605769 0.078125 0.055288
4 0.369591 0.609375 0.080529 0.052885
4 0.815907 0.610138 0.054892 0.030373
4 0.977524 0.755889 0.043990 0.045433
4 0.566707 0.881010 0.390625 0.117788
4 0.700721 0.887019 0.125000 0.225962
4 0.881010 0.896635 0.076923 0.086538
4 0.479399 0.898347 0.155913 0.202945
4 0.905649 0.923678 0.188702 0.152644
4 0.889423 0.933894 0.062500 0.129808