4 0.672476 0.132812 0.049279 0.265625
4 0.519832 0.174880 0.056490 0.044471
4 0.515625 0.178486 0.031250 0.087740
4 0.733185 0.245138 0.052909 0.074411
4 0.925481 0.269832 0.040865 0.068510
4 0.375000 0.363582 0.086538 0.025240
4 0.359375 0.371995 0.103365 0.102163
4 0.572716 0.417067 0.037260 0.086538
4 0.983173 0.464543 0.033654 0.085337
4 0.981971 0.499399 0.033654 0.090144
4 0.299327 0.612344 0.038558 0.041995
4 0.191707 0.612981 0.121394 0.043269
4 0.177885 0.628606 0.060096 0.129808
4 0.856370 0.731370 0.070913 0.078125
4 0.445312 0.078125 0.063702 0.156250
4 0.955529 0.842133 0.086538 0.095325
4 0.238582 0.873197 0.078125 0.082933
4 0.882212 0.106659 0.233173 0.037837
4 0.115986 0.110631 0.118990 0.091454