4 0.960337 0.192909 0.076923 0.027644
4 0.983059 0.195421 0.033425 0.152861
4 0.756010 0.250601 0.052885 0.063702
4 0.876202 0.284856 0.084135 0.120192
4 0.941803 0.037512 0.027837 0.075024
4 0.078125 0.391827 0.055288 0.079327
4 0.427284 0.471755 0.061298 0.056490
4 0.242788 0.490385 0.115385 0.125000
4 0.913462 0.502404 0.086538 0.076923
4 0.910775 0.006959 0.047512 0.013918
4 0.325373 0.693936 0.102668 0.039315
4 0.442909 0.080529 0.034856 0.158654
4 0.393630 0.836538 0.066106 0.026442
4 0.478365 0.093750 0.211538 0.185096
4 0.689976 0.094171 0.050625 0.036899