4 0.918870 0.158654 0.075721 0.062500
4 0.795072 0.179688 0.287260 0.140625
4 0.215511 0.191538 0.051214 0.036923
4 0.909856 0.195312 0.091346 0.128606
4 0.112981 0.481370 0.146635 0.328125
4 0.549279 0.545072 0.072115 0.061298
4 0.465144 0.547476 0.031250 0.092548
4 0.483173 0.581731 0.086538 0.052885
4 0.820871 0.618335 0.040781 0.039555
4 0.132812 0.621394 0.114183 0.072115
4 0.643972 0.649489 0.049964 0.036959
4 0.072716 0.076923 0.056490 0.048077
4 0.756611 0.897236 0.131010 0.087740
4 0.684495 0.912260 0.049279 0.031250
4 0.354267 0.963341 0.121995 0.070913