4 0.983522 0.014423 0.029543 0.028846
4 0.981971 0.230769 0.033654 0.033654
4 0.245192 0.231971 0.055288 0.062500
4 0.486779 0.278846 0.127404 0.206731
4 0.970553 0.357572 0.056490 0.044471
4 0.313894 0.428756 0.053269 0.020974
4 0.165865 0.044471 0.076923 0.086538
4 0.028245 0.440186 0.056490 0.099123
4 0.138822 0.478365 0.042067 0.060096
4 0.805288 0.503005 0.115385 0.104567
4 0.903846 0.055889 0.189904 0.111779
4 0.519231 0.072115 0.088942 0.086538
4 0.763221 0.729567 0.317308 0.149038
4 0.397260 0.811454 0.020481 0.038774
4 0.743612 0.863582 0.172320 0.270433
4 0.558534 0.880319 0.042548 0.037079
4 0.843966 0.889706 0.296106 0.031815
4 0.161316 0.946514 0.038978 0.104567
4 0.063101 0.967055 0.070913 0.063918
4 0.595733 0.104225 0.025601 0.049796