4 0.367188 0.174880 0.075721 0.056490
4 0.781250 0.178486 0.091346 0.025240
4 0.625000 0.206731 0.060096 0.060096
4 0.574790 0.031250 0.048618 0.062500
4 0.672302 0.321406 0.027296 0.041851
4 0.453125 0.347356 0.149038 0.076923
4 0.422476 0.361779 0.080529 0.093750
4 0.416466 0.385216 0.068510 0.056490
4 0.289062 0.390625 0.061298 0.290865
4 0.527218 0.439730 0.068858 0.090998
4 0.278335 0.445829 0.071094 0.067139
4 0.617188 0.583534 0.133413 0.039663
4 0.576322 0.588341 0.090144 0.082933
4 0.604657 0.617103 0.156430 0.128437
4 0.303486 0.649038 0.102163 0.062500
4 0.135607 0.064880 0.018810 0.038413
4 0.381923 0.071581 0.049904 0.022969
4 0.651959 0.725168 0.085168 0.099375
4 0.625601 0.737380 0.145433 0.087740
4 0.029363 0.803143 0.053918 0.050998
4 0.725625 0.080529 0.182019 0.161058
4 0.833023 0.906250 0.050661 0.185096
4 0.549880 0.936298 0.070913 0.024038
4 0.544219 0.945312 0.047572 0.106971
4 0.795084 0.098299 0.087764 0.196599