4 0.163462 0.155649 0.326923 0.123798
4 0.133413 0.188101 0.024038 0.049279
4 0.719351 0.255409 0.092548 0.104567
4 0.346154 0.291466 0.098558 0.066106
4 0.934495 0.326923 0.082933 0.125000
4 0.461827 0.370337 0.031827 0.055577
4 0.278245 0.420673 0.556490 0.112981
4 0.650240 0.435096 0.197115 0.165865
4 0.965895 0.461514 0.064002 0.040817
4 0.749700 0.664062 0.047476 0.020433
4 0.133413 0.676683 0.086538 0.264423
4 0.785457 0.721755 0.025240 0.075721
4 0.289062 0.742188 0.063702 0.114183
4 0.526442 0.753606 0.086538 0.122596
4 0.779754 0.850715 0.030661 0.049988
4 0.616695 0.865859 0.019447 0.044219
4 0.728233 0.875168 0.018966 0.038798
4 0.300841 0.933293 0.036779 0.133413
4 0.740445 0.944405 0.016947 0.047464