4 0.024639 0.174880 0.044471 0.051683
4 0.021172 0.175547 0.015901 0.081863
4 0.685481 0.199081 0.154615 0.037584
4 0.206130 0.228966 0.075721 0.164663
4 0.680288 0.242788 0.064904 0.134615
4 0.379207 0.250601 0.131010 0.066106
4 0.552885 0.268630 0.062500 0.106971
4 0.700120 0.278245 0.080529 0.133413
4 0.378606 0.279447 0.084135 0.159856
4 0.601707 0.288365 0.015913 0.052692
4 0.385216 0.299279 0.046875 0.153846
4 0.584561 0.304453 0.075373 0.140156
4 0.689663 0.309351 0.081250 0.092260
4 0.851562 0.337740 0.169471 0.170673
4 0.881611 0.343750 0.037260 0.161058
4 0.878005 0.370192 0.061298 0.134615
4 0.112115 0.478690 0.063173 0.067957
4 0.360841 0.481364 0.026971 0.051671
4 0.199549 0.553828 0.045733 0.037945
4 0.586671 0.639609 0.045938 0.017200
4 0.172476 0.737981 0.044471 0.076923
4 0.347957 0.746995 0.143029 0.171875
4 0.017428 0.777644 0.034856 0.057692
4 0.133413 0.799279 0.064904 0.057692
4 0.492188 0.881611 0.051683 0.061298
4 0.367188 0.887620 0.046875 0.042067
4 0.381611 0.930703 0.032452 0.032079
4 0.565505 0.959736 0.061298 0.078125
4 0.407764 0.975361 0.041490 0.046875
4 0.033654 0.984976 0.067308 0.030048
4 0.509147 0.101016 0.092813 0.016935