4 0.338185 0.145433 0.044159 0.120192
4 0.718750 0.146034 0.271635 0.292067
4 0.609105 0.149940 0.302344 0.299880
4 0.722356 0.177885 0.182692 0.091346
4 0.953125 0.182091 0.031250 0.094952
4 0.020433 0.200721 0.040865 0.050481
4 0.174880 0.311298 0.020433 0.036058
4 0.043269 0.033053 0.033654 0.066106
4 0.829375 0.328107 0.043365 0.064868
4 0.098558 0.345889 0.197115 0.037933
4 0.975962 0.362380 0.048077 0.085337
4 0.310697 0.403245 0.061298 0.080529
4 0.214411 0.450956 0.063437 0.026911
4 0.578125 0.460938 0.158654 0.109375
4 0.603966 0.472356 0.123798 0.024038
4 0.751803 0.585938 0.056490 0.128606
4 0.025841 0.594189 0.051683 0.036935
4 0.908654 0.607572 0.108173 0.066106
4 0.185096 0.689904 0.024038 0.057692
4 0.403846 0.763822 0.165865 0.078125
4 0.286659 0.768029 0.046875 0.036058
4 0.790865 0.813101 0.403846 0.349760
4 0.052728 0.817698 0.105457 0.041647
4 0.810096 0.834736 0.081731 0.328125
4 0.246394 0.939904 0.031250 0.052885