4 0.167067 0.148438 0.334135 0.070913
4 0.700451 0.022578 0.033113 0.045156
4 0.922139 0.349411 0.053413 0.035361
4 0.142145 0.364988 0.055925 0.035264
4 0.263822 0.370192 0.099760 0.149038
4 0.105036 0.038203 0.036995 0.040349
4 0.914663 0.391695 0.139423 0.035793
4 0.183792 0.043269 0.184892 0.086538
4 0.679688 0.490986 0.068510 0.030048
4 0.868990 0.509014 0.262019 0.054087
4 0.712097 0.558504 0.041983 0.054507
4 0.764934 0.596815 0.041887 0.054207
4 0.977764 0.074501 0.044471 0.064868
4 0.023438 0.749069 0.046875 0.089483
4 0.466947 0.870192 0.099760 0.060096
4 0.298612 0.906767 0.041935 0.046707