4 0.107740 0.121629 0.215481 0.089411
4 0.474129 0.160006 0.066046 0.045974
4 0.067374 0.022837 0.067440 0.045673
4 0.179688 0.290264 0.025240 0.186298
4 0.318510 0.316106 0.348558 0.120192
4 0.705529 0.034255 0.076923 0.068510
4 0.409255 0.362981 0.174279 0.206731
4 0.380409 0.529447 0.046875 0.118990
4 0.393630 0.531851 0.390625 0.424279
4 0.666815 0.547530 0.054784 0.054195
4 0.091346 0.573317 0.024038 0.052885
4 0.913462 0.058293 0.060096 0.070913
4 0.625000 0.598558 0.052885 0.050481
4 0.403245 0.665264 0.046875 0.046875
4 0.508413 0.737380 0.045673 0.061298
4 0.049147 0.745192 0.098293 0.026442
4 0.653245 0.805889 0.174279 0.039663
4 0.626202 0.813702 0.084135 0.117788