4 0.825120 0.128606 0.061298 0.064904
4 0.946514 0.161058 0.104567 0.093750
4 0.358774 0.174279 0.078125 0.028846
4 0.697716 0.216947 0.150240 0.061298
4 0.878606 0.244591 0.028846 0.080529
4 0.274038 0.250601 0.031250 0.056490
4 0.189177 0.340685 0.046623 0.046755
4 0.899038 0.407452 0.156250 0.134615
4 0.552284 0.409255 0.311298 0.075721
4 0.934495 0.427885 0.068510 0.112981
4 0.775595 0.434651 0.063209 0.085649
4 0.046274 0.466947 0.034856 0.087740
4 0.733774 0.602163 0.239183 0.086538
4 0.197716 0.640625 0.039663 0.076923
4 0.298960 0.646617 0.047440 0.074483
4 0.113143 0.706070 0.045998 0.058774
4 0.901442 0.736779 0.062500 0.170673
4 0.449363 0.736779 0.103053 0.134615
4 0.907861 0.876773 0.183510 0.051623
4 0.421875 0.900841 0.045673 0.114183
4 0.126202 0.915264 0.096154 0.167067
4 0.176082 0.928486 0.049279 0.140625
4 0.959075 0.938906 0.081611 0.060505
4 0.741587 0.970553 0.074519 0.058894
4 0.646635 0.115385 0.040865 0.084135
4 0.574363 0.117188 0.040553 0.046875