4 0.201046 0.012620 0.051130 0.025240
4 0.697716 0.154447 0.075721 0.025240
4 0.889477 0.207746 0.190012 0.033281
4 0.885216 0.221755 0.155048 0.106971
4 0.406977 0.228678 0.068762 0.120817
4 0.101562 0.039062 0.030048 0.078125
4 0.237380 0.400841 0.061298 0.097356
4 0.492788 0.443510 0.290865 0.146635
4 0.531851 0.515625 0.018029 0.064904
4 0.500000 0.557091 0.122596 0.080529
4 0.109976 0.063702 0.159856 0.127404
4 0.448317 0.725361 0.149038 0.078125
4 0.784315 0.079195 0.044591 0.158389
4 0.887163 0.010415 0.031538 0.020829