4 0.066112 0.146382 0.038474 0.033149
4 0.637614 0.016827 0.034844 0.033654
4 0.302163 0.174345 0.046635 0.021767
4 0.846755 0.191106 0.030048 0.052885
4 0.246707 0.022837 0.036683 0.045673
4 0.737236 0.270102 0.041779 0.032993
4 0.287133 0.343197 0.057440 0.039760
4 0.686298 0.359375 0.064904 0.031250
4 0.705042 0.411430 0.032680 0.034399
4 0.909964 0.042482 0.041082 0.029675
4 0.971755 0.467091 0.056490 0.047163
4 0.625000 0.509772 0.146635 0.033966
4 0.418269 0.516226 0.052885 0.114183
4 0.529712 0.548137 0.095481 0.028966
4 0.273438 0.552885 0.018029 0.055288
4 0.664062 0.680288 0.056490 0.031250
4 0.894231 0.683894 0.028846 0.050481
4 0.804669 0.734832 0.044435 0.039375
4 0.703125 0.784255 0.055288 0.020433
4 0.506611 0.816106 0.032452 0.072115
4 0.432091 0.840745 0.025240 0.080529
4 0.503606 0.090144 0.062500 0.064904