4 0.063702 0.192308 0.127404 0.028846
4 0.341346 0.228966 0.024038 0.457933
4 0.042067 0.031250 0.084135 0.062500
4 0.109976 0.343750 0.080529 0.055288
4 0.767428 0.392428 0.143029 0.179087
4 0.572716 0.427284 0.063702 0.135817
4 0.903846 0.526442 0.040865 0.045673
4 0.845553 0.062746 0.306490 0.062993
4 0.447716 0.673077 0.400240 0.086538
4 0.015210 0.067933 0.030421 0.135865
4 0.105769 0.694111 0.052885 0.097356
4 0.546875 0.756010 0.408654 0.302885
4 0.575721 0.756010 0.644231 0.134615
4 0.960938 0.784255 0.075721 0.106971
4 0.448317 0.976562 0.050481 0.046875