4 0.166466 0.121394 0.049279 0.242788
4 0.143029 0.143630 0.250000 0.222356
4 0.892722 0.159255 0.153233 0.318510
4 0.141827 0.162260 0.283654 0.038462
4 0.829327 0.174880 0.081731 0.056490
4 0.383413 0.192308 0.064904 0.120192
4 0.038143 0.022837 0.020998 0.045673
4 0.721755 0.314303 0.087740 0.051683
4 0.135216 0.367188 0.207933 0.174279
4 0.115986 0.372596 0.231971 0.062500
4 0.414062 0.414062 0.061298 0.025240
4 0.712740 0.465745 0.055288 0.078125
4 0.971154 0.050114 0.055288 0.028113
4 0.017428 0.555601 0.034856 0.041490
4 0.856971 0.058894 0.062500 0.072115
4 0.762620 0.609976 0.044471 0.082933
4 0.625000 0.716346 0.088942 0.028846
4 0.883413 0.764423 0.084135 0.057692
4 0.417067 0.783654 0.088942 0.036058
4 0.974159 0.793870 0.049279 0.049279
4 0.034105 0.945337 0.058594 0.046923
4 0.648438 0.103966 0.070913 0.054087