4 0.198017 0.012620 0.057091 0.025240
4 0.697716 0.154447 0.075721 0.025240
4 0.889423 0.198353 0.187500 0.052957
4 0.401232 0.231605 0.081310 0.117055
4 0.878564 0.235823 0.168185 0.077416
4 0.482632 0.292662 0.071034 0.054075
4 0.101562 0.039062 0.030048 0.078125
4 0.237380 0.400841 0.061298 0.097356
4 0.492788 0.443510 0.290865 0.146635
4 0.531851 0.515625 0.018029 0.064904
4 0.500000 0.557091 0.122596 0.080529
4 0.109976 0.063702 0.159856 0.127404
4 0.448317 0.725361 0.149038 0.078125
4 0.967290 0.846250 0.064387 0.057885
4 0.395312 0.862500 0.064663 0.049519
4 0.785475 0.087139 0.044507 0.174279