4 0.197716 0.144231 0.140625 0.165865
4 0.385216 0.225361 0.123798 0.243990
4 0.378005 0.245192 0.030048 0.086538
4 0.409790 0.430583 0.088810 0.046262
4 0.820913 0.480769 0.033654 0.055288
4 0.844351 0.576322 0.051683 0.123798
4 0.507812 0.613582 0.044471 0.109375
4 0.519832 0.637019 0.063702 0.072115
4 0.741340 0.007861 0.052392 0.015721
4 0.961538 0.730769 0.021635 0.084135
4 0.205529 0.768630 0.103365 0.070913
4 0.269231 0.780048 0.129808 0.031250
4 0.269231 0.783654 0.014423 0.033654
4 0.403834 0.795270 0.062476 0.023233
4 0.062500 0.816106 0.052885 0.064904
4 0.722356 0.871394 0.108173 0.076923
4 0.762019 0.875000 0.134615 0.050481