4 0.022236 0.168870 0.044471 0.051683
4 0.021635 0.179688 0.021635 0.078125
4 0.695312 0.198317 0.174279 0.040865
4 0.194585 0.228966 0.098305 0.164663
4 0.680288 0.242788 0.064904 0.134615
4 0.379207 0.250601 0.131010 0.066106
4 0.552885 0.268630 0.062500 0.106971
4 0.700120 0.278245 0.080529 0.133413
4 0.378606 0.279447 0.084135 0.159856
4 0.564904 0.284255 0.036058 0.099760
4 0.385216 0.299279 0.046875 0.153846
4 0.851562 0.337740 0.169471 0.170673
4 0.881611 0.343750 0.037260 0.161058
4 0.878005 0.370192 0.061298 0.134615
4 0.198528 0.557091 0.048498 0.039663
4 0.172476 0.737981 0.044471 0.076923
4 0.347957 0.746995 0.143029 0.171875
4 0.017428 0.777644 0.034856 0.057692
4 0.133413 0.799279 0.064904 0.057692
4 0.492188 0.881611 0.051683 0.061298
4 0.367188 0.887620 0.046875 0.042067
4 0.565505 0.959736 0.061298 0.078125
4 0.570312 0.967548 0.056490 0.036058
4 0.418870 0.971755 0.066106 0.046875
4 0.033654 0.984633 0.067308 0.029363
4 0.508444 0.100865 0.101022 0.021442