4 0.288924 0.249700 0.032175 0.069111
4 0.825721 0.263221 0.033654 0.103365
4 0.460841 0.273900 0.063510 0.069435
4 0.751803 0.292067 0.075721 0.084135
4 0.406250 0.031250 0.086538 0.062500
4 0.562500 0.368389 0.067308 0.118990
4 0.572716 0.412260 0.020433 0.216346
4 0.847356 0.427284 0.112981 0.051683
4 0.085938 0.429688 0.066106 0.212740
4 0.874345 0.446983 0.037151 0.067043
4 0.167278 0.447873 0.034075 0.176995
4 0.385216 0.450120 0.169471 0.436298
4 0.714952 0.563726 0.054904 0.040913
4 0.970950 0.569531 0.033245 0.064543
4 0.068570 0.665637 0.038582 0.040409
4 0.640625 0.698317 0.197115 0.175481
4 0.425481 0.775240 0.033654 0.096154
4 0.690505 0.778245 0.099760 0.176683
4 0.028245 0.859814 0.056490 0.137897
4 0.805036 0.879868 0.059591 0.040986
4 0.385817 0.902644 0.165865 0.096154
4 0.341346 0.911659 0.129808 0.070913
4 0.969483 0.920355 0.047139 0.090709