4 0.091773 0.144585 0.087392 0.022344
4 0.107073 0.156364 0.026647 0.086767
4 0.387620 0.017428 0.222356 0.034856
4 0.445913 0.187500 0.076923 0.062500
4 0.920673 0.187500 0.091346 0.072115
4 0.263984 0.224393 0.037584 0.052151
4 0.363395 0.241550 0.044099 0.050409
4 0.053756 0.246815 0.083474 0.032091
4 0.276737 0.260511 0.019820 0.052272
4 0.090144 0.314904 0.108173 0.091346
4 0.356977 0.321809 0.043281 0.028233
4 0.932091 0.334135 0.049279 0.052885
4 0.438101 0.340144 0.046875 0.084135
4 0.920072 0.346755 0.049279 0.039663
4 0.148438 0.357572 0.217548 0.140625
4 0.144832 0.362380 0.121394 0.075721
4 0.297025 0.473900 0.048377 0.055974
4 0.924880 0.490986 0.075721 0.068510
4 0.634958 0.608401 0.039147 0.048534
4 0.838942 0.631010 0.146635 0.137019
4 0.482572 0.745192 0.025240 0.076923
4 0.559495 0.750000 0.118990 0.024038
4 0.701923 0.753005 0.021635 0.068510
4 0.565505 0.779447 0.046875 0.097356
4 0.562500 0.820312 0.076923 0.155048
4 0.424880 0.858173 0.056490 0.036058
4 0.543269 0.862380 0.055288 0.068510