4 0.805288 0.138822 0.064904 0.056490
4 0.343906 0.208870 0.031562 0.105240
4 0.814904 0.387620 0.117788 0.078125
4 0.820913 0.397236 0.139423 0.078125
4 0.323317 0.424279 0.187500 0.028846
4 0.133413 0.439904 0.153846 0.216346
4 0.691707 0.480769 0.140625 0.031250
4 0.392500 0.493858 0.061442 0.038197
4 0.121995 0.545072 0.092548 0.219952
4 0.868107 0.561641 0.051118 0.041550
4 0.111749 0.612380 0.033594 0.126202
4 0.504207 0.694111 0.063702 0.044471
4 0.012921 0.726448 0.025841 0.056262
4 0.695913 0.783654 0.014423 0.067308
4 0.930889 0.783654 0.135817 0.307692
4 0.412260 0.831731 0.052885 0.052885
4 0.581731 0.836538 0.076923 0.062500
4 0.429333 0.842380 0.019724 0.042933
4 0.603966 0.843750 0.013221 0.086538
4 0.445312 0.891226 0.018029 0.078125
4 0.457332 0.890625 0.061298 0.064904
4 0.107572 0.901442 0.099760 0.036058
4 0.125601 0.924279 0.037260 0.120192
4 0.342548 0.961538 0.115385 0.072115
4 0.299309 0.989784 0.043329 0.020433