4 0.559495 0.285457 0.078125 0.061298
4 0.391226 0.362981 0.102163 0.036058
4 0.158654 0.393029 0.259615 0.031250
4 0.227163 0.393029 0.156250 0.076923
4 0.772236 0.471755 0.203125 0.018029
4 0.819111 0.481370 0.080529 0.164663
4 0.369591 0.494591 0.195913 0.037260
4 0.762019 0.503606 0.028846 0.264423
4 0.209736 0.609976 0.131010 0.049279
4 0.019832 0.628606 0.039663 0.117788
4 0.389423 0.648438 0.108173 0.018029
4 0.635216 0.686298 0.070913 0.098558
4 0.670673 0.078125 0.072115 0.031250
4 0.457332 0.784255 0.263221 0.109375
4 0.217548 0.787861 0.064904 0.039663
4 0.041466 0.797296 0.082933 0.053726
4 0.793269 0.831731 0.250000 0.192308
4 0.064904 0.909255 0.045673 0.046875
4 0.206130 0.939904 0.078125 0.117788
4 0.864627 0.969886 0.082620 0.059964
4 0.425481 0.983774 0.021635 0.032452
4 0.484603 0.987806 0.034111 0.023690