4 0.588341 0.132812 0.044471 0.056490
4 0.034255 0.237927 0.068510 0.117680
4 0.726562 0.240385 0.049279 0.086538
4 0.763822 0.251202 0.133413 0.165865
4 0.526442 0.273438 0.062500 0.239183
4 0.753606 0.307692 0.084135 0.021635
4 0.288726 0.036058 0.026971 0.072115
4 0.932692 0.471755 0.076923 0.049279
4 0.460337 0.555288 0.062500 0.048077
4 0.252404 0.566106 0.067308 0.081731
4 0.372596 0.652644 0.084135 0.057692
4 0.913462 0.653846 0.055288 0.040865
4 0.763822 0.656250 0.039663 0.093750
4 0.555288 0.666466 0.096154 0.082933
4 0.527644 0.835938 0.045673 0.068510