4 0.989183 0.129675 0.019231 0.030986
4 0.952524 0.182692 0.056490 0.115385
4 0.694111 0.195312 0.080529 0.034856
4 0.846154 0.197716 0.086538 0.025240
4 0.736370 0.024639 0.040048 0.049279
4 0.167067 0.265625 0.067308 0.057692
4 0.311298 0.269231 0.036058 0.036058
4 0.784255 0.295072 0.051683 0.056490
4 0.242362 0.031250 0.040012 0.062500
4 0.396635 0.033053 0.088942 0.066106
4 0.258413 0.341346 0.024038 0.040865
4 0.924279 0.358918 0.149038 0.035144
4 0.143630 0.412260 0.051683 0.060096
4 0.434495 0.447716 0.075721 0.037260
4 0.236779 0.458534 0.033654 0.068510
4 0.183894 0.550481 0.069712 0.031250
4 0.496995 0.557091 0.102163 0.070913
4 0.929087 0.579020 0.139423 0.030637
4 0.143552 0.605907 0.034700 0.057969
4 0.352163 0.621995 0.088942 0.150240
4 0.906851 0.664062 0.056490 0.051683
4 0.557091 0.069712 0.044471 0.076923
4 0.490986 0.876803 0.061298 0.246394
4 0.158654 0.090144 0.036058 0.081731
4 0.090889 0.090084 0.083221 0.031130
4 0.683293 0.949519 0.082933 0.072115