4 0.108173 0.150841 0.055288 0.123798
4 0.892416 0.401833 0.058870 0.036839
4 0.263822 0.503005 0.126202 0.080529
4 0.602163 0.503606 0.062500 0.055288
4 0.112380 0.058894 0.155048 0.060096
4 0.295072 0.662861 0.078125 0.015625
4 0.289062 0.689904 0.025240 0.103365
4 0.719351 0.785457 0.080529 0.061298
4 0.700120 0.808894 0.025240 0.064904
4 0.207500 0.847296 0.047212 0.045553
4 0.928948 0.862452 0.055012 0.020577
4 0.804988 0.903059 0.045072 0.036887
4 0.959519 0.941310 0.053654 0.034062
4 0.209736 0.957332 0.111779 0.049279
4 0.594351 0.962740 0.037260 0.072115
4 0.202524 0.966346 0.022837 0.067308
4 0.585938 0.967548 0.046875 0.052885