4 0.406767 0.029279 0.082764 0.058558
4 0.609976 0.295673 0.061298 0.129808
4 0.619591 0.308894 0.075721 0.016827
4 0.709135 0.346755 0.259615 0.265625
4 0.823486 0.379255 0.065240 0.046971
4 0.367188 0.408654 0.109375 0.040865
4 0.512620 0.430288 0.068510 0.036058
4 0.260216 0.490385 0.114183 0.016827
4 0.846755 0.558894 0.082933 0.048077
4 0.186328 0.061430 0.221214 0.122861
4 0.745192 0.655048 0.216346 0.072115
4 0.418870 0.703125 0.106971 0.050481
4 0.406851 0.713942 0.025240 0.072115
4 0.088942 0.713341 0.067308 0.150240
4 0.121995 0.732572 0.080529 0.056490
4 0.512019 0.816707 0.115385 0.037260
4 0.543870 0.850361 0.039663 0.087740
4 0.862981 0.929688 0.098558 0.013221
4 0.846755 0.934495 0.044471 0.049279
4 0.250601 0.942909 0.128606 0.111779
4 0.851562 0.947716 0.080529 0.087740
4 0.883984 0.096316 0.039603 0.062825
4 0.826923 0.974760 0.052885 0.033654