4 0.820312 0.129207 0.049279 0.073317
4 0.757903 0.195577 0.044651 0.020962
4 0.783654 0.277644 0.045673 0.040865
4 0.172476 0.367188 0.068510 0.061298
4 0.510216 0.617188 0.102163 0.306490
4 0.318510 0.635817 0.045673 0.050481
4 0.875962 0.667067 0.033173 0.067308
4 0.418269 0.672476 0.028846 0.068510
4 0.677885 0.678486 0.076923 0.109375
4 0.863582 0.748197 0.162260 0.025240
4 0.927614 0.817981 0.054748 0.027788
4 0.387200 0.837464 0.050841 0.042716
4 0.764694 0.912260 0.029387 0.060096
4 0.148954 0.919946 0.026274 0.044219
4 0.263305 0.921911 0.062668 0.072187
4 0.599111 0.967951 0.029952 0.063305