4 0.610577 0.281250 0.153846 0.283654
4 0.832933 0.384014 0.093750 0.039663
4 0.052284 0.426683 0.068510 0.050481
4 0.034567 0.544880 0.069135 0.036875
4 0.826923 0.552885 0.084135 0.064904
4 0.493389 0.617188 0.109375 0.044471
4 0.354531 0.697776 0.055216 0.068630
4 0.056490 0.071256 0.112981 0.043954
4 0.625000 0.766226 0.060096 0.061298
4 0.168870 0.818510 0.046875 0.091346
4 0.869591 0.850361 0.044471 0.049279
4 0.055288 0.868990 0.050481 0.033654
4 0.166466 0.947716 0.070913 0.051683
4 0.381010 0.119591 0.237981 0.227163