4 0.710938 0.138822 0.078125 0.087740
4 0.600361 0.160457 0.092548 0.051683
4 0.889321 0.016827 0.014219 0.033654
4 0.066707 0.201340 0.133413 0.032488
4 0.480751 0.024639 0.100925 0.049279
4 0.090745 0.245192 0.044471 0.177885
4 0.390625 0.030048 0.086538 0.024038
4 0.421310 0.030048 0.109447 0.060096
4 0.040264 0.333299 0.080529 0.185829
4 0.420673 0.401442 0.442308 0.156250
4 0.285457 0.405048 0.227163 0.370192
4 0.859375 0.508413 0.093750 0.221154
4 0.274038 0.564904 0.353365 0.125000
4 0.266226 0.597356 0.056490 0.161058
4 0.062578 0.655048 0.029002 0.105769
4 0.719351 0.659255 0.342548 0.099760
4 0.508413 0.073317 0.067308 0.103365
4 0.911058 0.008413 0.026442 0.016827
4 0.944712 0.862380 0.110577 0.183894
4 0.612981 0.889423 0.098558 0.084135
4 0.740120 0.896635 0.086010 0.206731
4 0.667067 0.953125 0.033654 0.076923
4 0.103966 0.959135 0.046875 0.064904
4 0.057091 0.969351 0.025240 0.061298