4 0.971142 0.163257 0.055264 0.026034
4 0.373197 0.184495 0.087740 0.068510
4 0.391226 0.222957 0.070913 0.082933
4 0.547476 0.244591 0.030048 0.051683
4 0.070312 0.278245 0.025240 0.087740
4 0.844351 0.316106 0.162260 0.384615
4 0.299880 0.322530 0.051683 0.039291
4 0.105769 0.331731 0.064904 0.072115
4 0.031106 0.380144 0.035769 0.041538
4 0.432692 0.498197 0.062500 0.123798
4 0.160956 0.553227 0.069507 0.031935
4 0.064129 0.675829 0.029700 0.034351
4 0.986178 0.721755 0.027644 0.152644
4 0.472356 0.828125 0.036058 0.036058
4 0.322578 0.091142 0.034579 0.035649
4 0.019231 0.937500 0.031250 0.122596
4 0.054688 0.961538 0.032452 0.040865
4 0.661022 0.960938 0.055216 0.078125
4 0.097356 0.097356 0.045673 0.040865
4 0.261358 0.974159 0.032332 0.051683