4 0.652644 0.127404 0.192308 0.086538
4 0.134014 0.156250 0.268029 0.074519
4 0.160024 0.161803 0.207067 0.027933
4 0.868389 0.215745 0.260817 0.049279
4 0.748197 0.326322 0.030048 0.051683
4 0.862981 0.346154 0.040865 0.098558
4 0.268630 0.429087 0.025240 0.055288
4 0.018131 0.461773 0.036262 0.065373
4 0.803486 0.479567 0.039663 0.040865
4 0.892428 0.500601 0.215144 0.296875
4 0.515625 0.513822 0.134615 0.073317
4 0.326322 0.561298 0.030048 0.103365
4 0.669471 0.565505 0.060096 0.080529
4 0.814904 0.596154 0.045673 0.028846
4 0.215745 0.603966 0.025240 0.102163
4 0.131010 0.609375 0.055288 0.055288
4 0.026262 0.635216 0.052524 0.018029
4 0.924880 0.653413 0.150240 0.167404
4 0.481370 0.670595 0.135817 0.038305
4 0.944712 0.683371 0.108173 0.042224
4 0.581130 0.724159 0.145433 0.039663
4 0.708534 0.752404 0.046875 0.033654
4 0.126202 0.766226 0.127404 0.159856
4 0.596755 0.820312 0.068510 0.034856
4 0.289062 0.823317 0.034856 0.062500
4 0.454718 0.870793 0.089724 0.256010
4 0.699519 0.870192 0.033654 0.031250
4 0.906857 0.899814 0.080541 0.023185
4 0.868389 0.921274 0.260817 0.157452
4 0.864784 0.964543 0.131010 0.068510