4 0.652091 0.126941 0.183990 0.085613
4 0.156196 0.160018 0.209026 0.021959
4 0.114309 0.159784 0.187752 0.081587
4 0.067458 0.184543 0.134916 0.018125
4 0.868389 0.215745 0.260817 0.049279
4 0.748197 0.326322 0.030048 0.051683
4 0.859748 0.346154 0.034399 0.098558
4 0.268630 0.429087 0.025240 0.055288
4 0.017272 0.462488 0.034543 0.054784
4 0.798588 0.477716 0.032272 0.037163
4 0.893582 0.501064 0.210240 0.290589
4 0.515625 0.513822 0.134615 0.073317
4 0.326322 0.561298 0.030048 0.103365
4 0.669471 0.565505 0.060096 0.080529
4 0.814904 0.592921 0.045673 0.022380
4 0.215745 0.603966 0.025240 0.102163
4 0.131010 0.609375 0.055288 0.055288
4 0.023251 0.635216 0.046502 0.018029
4 0.924279 0.654447 0.149038 0.167067
4 0.480078 0.668498 0.128425 0.036514
4 0.945913 0.679549 0.108173 0.029772
4 0.581130 0.724159 0.145433 0.039663
4 0.709459 0.752404 0.036707 0.033654
4 0.126202 0.766226 0.127404 0.159856
4 0.596755 0.820312 0.068510 0.034856
4 0.289062 0.823317 0.034856 0.062500
4 0.697668 0.867879 0.029952 0.026623
4 0.459736 0.870793 0.099760 0.256010
4 0.567957 0.875625 0.022933 0.046923
4 0.906310 0.902572 0.074639 0.021490
4 0.877897 0.920673 0.241370 0.156250
4 0.864784 0.964543 0.131010 0.068510