4 0.167067 0.164663 0.334135 0.139423
4 0.133413 0.188101 0.024038 0.049279
4 0.719351 0.255409 0.092548 0.104567
4 0.516617 0.029639 0.021214 0.035240
4 0.346154 0.291466 0.098558 0.066106
4 0.934495 0.326923 0.082933 0.125000
4 0.278245 0.420673 0.556490 0.112981
4 0.650240 0.435096 0.197115 0.165865
4 0.969952 0.457350 0.057692 0.044507
4 0.750601 0.664062 0.049279 0.020433
4 0.133413 0.676683 0.086538 0.264423
4 0.785457 0.721755 0.025240 0.075721
4 0.289062 0.742188 0.063702 0.114183
4 0.526442 0.753606 0.086538 0.122596
4 0.437668 0.803215 0.036394 0.015084
4 0.618359 0.864994 0.015565 0.044892
4 0.726707 0.874441 0.020721 0.034940
4 0.303438 0.932091 0.046779 0.133413