4 0.851562 0.134615 0.193510 0.076923
4 0.491587 0.163462 0.093750 0.064904
4 0.682692 0.206731 0.062500 0.050481
4 0.149038 0.277644 0.115385 0.086538
4 0.126202 0.287260 0.161058 0.084135
4 0.171875 0.289062 0.026442 0.131010
4 0.758413 0.293870 0.146635 0.025240
4 0.379808 0.452524 0.086538 0.025240
4 0.385625 0.487957 0.033269 0.136971
4 0.980168 0.503191 0.037260 0.035228
4 0.383413 0.522236 0.072115 0.056490
4 0.843750 0.578726 0.103365 0.056490
4 0.067524 0.059495 0.065337 0.118990
4 0.248798 0.602163 0.031250 0.072115
4 0.152163 0.632470 0.047115 0.038978
4 0.865078 0.842909 0.052272 0.068029
4 0.447115 0.864183 0.112981 0.045673
4 0.865222 0.909603 0.035733 0.054784
4 0.245745 0.934381 0.039567 0.046647
4 0.941569 0.980769 0.020156 0.036058