4 0.447464 0.120721 0.051178 0.046731
4 0.970319 0.128005 0.056022 0.256010
4 0.378984 0.133041 0.012776 0.049736
4 0.758413 0.180288 0.098558 0.098558
4 0.205529 0.199285 0.156250 0.066839
4 0.934495 0.237380 0.037260 0.044471
4 0.148468 0.398540 0.066166 0.049483
4 0.915264 0.045673 0.162260 0.091346
4 0.586538 0.459736 0.242788 0.111779
4 0.106484 0.459946 0.037488 0.054507
4 0.627404 0.477764 0.170673 0.042067
4 0.521635 0.479567 0.055288 0.115385
4 0.921875 0.061899 0.156250 0.123798
4 0.901442 0.620192 0.055288 0.045673
4 0.099159 0.640517 0.198317 0.038245
4 0.064904 0.644231 0.129808 0.050481
4 0.476562 0.781250 0.195913 0.122596