4 0.901442 0.160457 0.086538 0.039663
4 0.898438 0.182091 0.039663 0.109375
4 0.906851 0.201923 0.080529 0.021635
4 0.159856 0.206731 0.098558 0.216346
4 0.643029 0.246394 0.055288 0.043269
4 0.175481 0.256611 0.105769 0.159856
4 0.377404 0.266226 0.139423 0.046875
4 0.414062 0.281851 0.046875 0.102163
4 0.184495 0.304688 0.087740 0.162260
4 0.722957 0.316707 0.046875 0.123798
4 0.719351 0.330529 0.044471 0.103365
4 0.722356 0.344351 0.036058 0.133413
4 0.890066 0.346815 0.018113 0.037380
4 0.465144 0.399038 0.093750 0.026442
4 0.494591 0.409856 0.092548 0.076923
4 0.268029 0.445913 0.036058 0.086538
4 0.409856 0.465144 0.045673 0.062500
4 0.776442 0.046875 0.117788 0.031250
4 0.356370 0.480769 0.046875 0.040865
4 0.172476 0.498197 0.039663 0.056490
4 0.174279 0.500000 0.031250 0.067308
4 0.688101 0.510817 0.078125 0.103365
4 0.456731 0.515625 0.055288 0.064904
4 0.248798 0.578726 0.064904 0.061298
4 0.773438 0.062500 0.169471 0.081731
4 0.074519 0.632812 0.040865 0.102163
4 0.262019 0.664062 0.079327 0.046875
4 0.159255 0.672476 0.070913 0.070913
4 0.350361 0.674279 0.070913 0.064904
4 0.941707 0.674880 0.039663 0.025240
4 0.326322 0.691707 0.171875 0.046875
4 0.276442 0.700120 0.060096 0.111779
4 0.938083 0.758810 0.034820 0.020024
4 0.975018 0.760427 0.034171 0.020853
4 0.272674 0.959736 0.054964 0.078125
4 0.927867 0.986514 0.141791 0.023510
4 0.367788 0.109375 0.125000 0.031250
4 0.359976 0.115986 0.082933 0.046875