4 0.059495 0.437500 0.075721 0.045673
4 0.314904 0.469351 0.139423 0.078125
4 0.421875 0.482572 0.062500 0.138221
4 0.030649 0.522236 0.061298 0.025240
4 0.022650 0.652855 0.045300 0.046094
4 0.938335 0.664279 0.028113 0.061731
4 0.628786 0.666196 0.046034 0.053546
4 0.932488 0.768696 0.083726 0.051815
4 0.055823 0.804411 0.065974 0.029495
4 0.316707 0.815505 0.123798 0.020433
4 0.323317 0.820913 0.031250 0.060096
4 0.379207 0.828726 0.061298 0.109375
4 0.791466 0.850361 0.061298 0.046875
4 0.389423 0.882812 0.055288 0.039663
4 0.836538 0.898438 0.170673 0.200721
4 0.591947 0.105769 0.102163 0.040865