4 0.965144 0.128005 0.067308 0.256010
4 0.758413 0.180288 0.098558 0.098558
4 0.205529 0.197452 0.156250 0.065577
4 0.934495 0.237380 0.037260 0.044471
4 0.413041 0.308672 0.040024 0.030805
4 0.915264 0.045673 0.162260 0.091346
4 0.586538 0.459736 0.242788 0.111779
4 0.627404 0.477764 0.170673 0.042067
4 0.521635 0.479567 0.055288 0.115385
4 0.789940 0.492296 0.022188 0.056707
4 0.921274 0.061599 0.155048 0.120793
4 0.901442 0.620192 0.055288 0.045673
4 0.067308 0.641827 0.134615 0.057692
4 0.099159 0.651442 0.198317 0.072115
4 0.964153 0.655956 0.050901 0.078738
4 0.888636 0.698876 0.060925 0.051599
4 0.476562 0.781250 0.195913 0.122596