4 0.349760 0.164663 0.031250 0.115385
4 0.857572 0.168870 0.102163 0.299279
4 0.831731 0.171875 0.264423 0.233173
4 0.346755 0.195913 0.243990 0.091346
4 0.302885 0.201322 0.211538 0.195913
4 0.463942 0.217548 0.086538 0.072115
4 0.300481 0.276442 0.108173 0.045673
4 0.918870 0.377404 0.068510 0.201923
4 0.091346 0.039663 0.182692 0.079327
4 0.859375 0.615385 0.045673 0.052885
4 0.405048 0.707332 0.343750 0.087740
4 0.539062 0.716947 0.099760 0.046875
4 0.253606 0.903245 0.117788 0.070913
4 0.402644 0.108173 0.067308 0.031250