4 0.825120 0.128606 0.061298 0.064904
4 0.947115 0.140625 0.105769 0.052885
4 0.358774 0.174279 0.078125 0.028846
4 0.974760 0.186298 0.050481 0.038462
4 0.697716 0.216947 0.150240 0.061298
4 0.878606 0.244591 0.028846 0.080529
4 0.271562 0.251238 0.026298 0.052957
4 0.188948 0.344543 0.043762 0.037644
4 0.087903 0.347482 0.045998 0.026695
4 0.899038 0.407452 0.156250 0.134615
4 0.552284 0.413425 0.311298 0.067236
4 0.934495 0.427885 0.068510 0.112981
4 0.039345 0.444038 0.030613 0.046731
4 0.733774 0.602163 0.239183 0.086538
4 0.197716 0.640625 0.039663 0.076923
4 0.048450 0.664165 0.041611 0.025445
4 0.858768 0.700174 0.034844 0.027752
4 0.111412 0.701821 0.030517 0.045469
4 0.901442 0.736779 0.062500 0.170673
4 0.453125 0.736779 0.110577 0.134615
4 0.058630 0.790421 0.052356 0.023149
4 0.967548 0.858173 0.064904 0.021635
4 0.904850 0.877067 0.189507 0.018558
4 0.957332 0.894231 0.085337 0.014423
4 0.421875 0.900841 0.045673 0.114183
4 0.959135 0.919471 0.081731 0.019231
4 0.131815 0.920072 0.083341 0.157452
4 0.596232 0.923576 0.029002 0.051478
4 0.178083 0.928486 0.041262 0.140625
4 0.968810 0.949579 0.057812 0.040986
4 0.738996 0.969952 0.069339 0.057692
4 0.567909 0.996394 0.046875 0.004808
4 0.646635 0.115385 0.040865 0.084135
4 0.576430 0.117188 0.037476 0.046875