4 0.355769 0.135817 0.064904 0.091346
4 0.635673 0.242837 0.030962 0.026538
4 0.894231 0.245192 0.076923 0.019231
4 0.659850 0.422362 0.009603 0.039435
4 0.361004 0.513383 0.032103 0.067632
4 0.774129 0.527314 0.053065 0.025781
4 0.356977 0.590649 0.026454 0.058702
4 0.972356 0.612380 0.033654 0.171875
4 0.943125 0.757097 0.030481 0.151214
4 0.968798 0.843768 0.045769 0.043305
4 0.748834 0.846280 0.019303 0.055541
4 0.810084 0.897326 0.204303 0.203305
4 0.246905 0.090325 0.037079 0.026803
4 0.588942 0.906851 0.055288 0.025240
4 0.819712 0.954327 0.076923 0.088942
4 0.603966 0.959135 0.037260 0.060096