4 0.167067 0.164663 0.334135 0.139423
4 0.978870 0.165601 0.037067 0.035529
4 0.133413 0.188101 0.024038 0.049279
4 0.718377 0.255409 0.090601 0.104567
4 0.346154 0.291466 0.098558 0.066106
4 0.934495 0.326923 0.082933 0.125000
4 0.278245 0.420673 0.556490 0.112981
4 0.650240 0.435096 0.197115 0.165865
4 0.965745 0.458534 0.068510 0.049279
4 0.750601 0.664062 0.049279 0.020433
4 0.133413 0.676683 0.086538 0.264423
4 0.785457 0.724123 0.025240 0.070841
4 0.289062 0.742188 0.063702 0.114183
4 0.526442 0.753606 0.086538 0.122596
4 0.781743 0.852909 0.022620 0.042356
4 0.615343 0.865343 0.016743 0.033570
4 0.729237 0.877428 0.018570 0.036106
4 0.303077 0.932091 0.043654 0.133413