4 0.583534 0.123197 0.030048 0.063702
4 0.025240 0.133564 0.050481 0.050781
4 0.955288 0.150859 0.086058 0.080565
4 0.535457 0.165865 0.068510 0.031250
4 0.841346 0.190505 0.050481 0.106971
4 0.330529 0.260817 0.120192 0.021635
4 0.681256 0.027644 0.030781 0.055288
4 0.588341 0.379207 0.118990 0.061298
4 0.816106 0.383413 0.062500 0.055288
4 0.768029 0.512620 0.158654 0.044471
4 0.508413 0.519231 0.103365 0.088942
4 0.710337 0.526442 0.052885 0.064904
4 0.192308 0.543870 0.158654 0.128606
4 0.245192 0.593750 0.031250 0.055288
4 0.757812 0.676683 0.097356 0.024038
4 0.842548 0.727163 0.036058 0.040865
4 0.983690 0.763624 0.032284 0.024844
4 0.960337 0.807794 0.076923 0.036262
4 0.727163 0.825721 0.045673 0.064904
4 0.814904 0.091947 0.031250 0.042067
4 0.873798 0.921875 0.031250 0.067308