4 0.389423 0.170072 0.086538 0.217548
4 0.641226 0.174279 0.037260 0.031250
4 0.189904 0.184495 0.052885 0.063702
4 0.670072 0.222356 0.068510 0.247596
4 0.346755 0.258413 0.039663 0.028846
4 0.190505 0.287861 0.078125 0.131010
4 0.451923 0.365385 0.093750 0.110577
4 0.734976 0.427885 0.217548 0.052885
4 0.686298 0.456130 0.028846 0.030048
4 0.221154 0.465144 0.033654 0.127404
4 0.234375 0.492188 0.072115 0.049279
4 0.441106 0.547476 0.132212 0.111779
4 0.825120 0.057692 0.140625 0.036058
4 0.144832 0.566707 0.123798 0.099760
4 0.400841 0.588341 0.025240 0.061298
4 0.159255 0.609375 0.020433 0.055288
4 0.730769 0.635216 0.305288 0.227163
4 0.718750 0.652644 0.072115 0.091346
4 0.215144 0.678486 0.117788 0.056490
4 0.445312 0.688101 0.109375 0.075721
4 0.449519 0.826923 0.122596 0.213942
4 0.432091 0.830529 0.114183 0.103365
4 0.643630 0.887019 0.217548 0.129808
4 0.190505 0.105769 0.044471 0.088942
4 0.893029 0.115385 0.134615 0.036058