4 0.332073 0.023438 0.055974 0.046875
4 0.554087 0.280379 0.019231 0.065565
4 0.367788 0.408654 0.057692 0.067308
4 0.553486 0.493990 0.061298 0.117788
4 0.856370 0.524038 0.049279 0.055288
4 0.016827 0.539243 0.033654 0.064062
4 0.597957 0.648438 0.037260 0.046875
4 0.680288 0.658053 0.067308 0.070913
4 0.231971 0.662260 0.050481 0.062500
4 0.384014 0.669471 0.030048 0.062500
4 0.090144 0.765625 0.055288 0.060096
4 0.271635 0.871995 0.055288 0.099760
4 0.331130 0.890024 0.159856 0.135817
4 0.914062 0.905048 0.075721 0.052885
4 0.456496 0.934495 0.054820 0.128606
4 0.695913 0.984976 0.064904 0.030048