4 0.336022 0.023438 0.039832 0.046875
4 0.367788 0.408654 0.057692 0.067308
4 0.275385 0.467001 0.038750 0.046983
4 0.553486 0.493990 0.061298 0.117788
4 0.856370 0.524038 0.049279 0.055288
4 0.016827 0.539820 0.033654 0.062812
4 0.597957 0.648438 0.037260 0.046875
4 0.680288 0.658053 0.067308 0.070913
4 0.231971 0.665132 0.050481 0.056226
4 0.384014 0.669471 0.030048 0.062500
4 0.090144 0.765625 0.055288 0.060096
4 0.271635 0.871995 0.055288 0.099760
4 0.331130 0.890024 0.159856 0.135817
4 0.914062 0.905048 0.075721 0.052885
4 0.463341 0.934495 0.066106 0.128606