4 0.981370 0.191106 0.037260 0.153846
4 0.960337 0.192909 0.076923 0.027644
4 0.756010 0.250601 0.052885 0.063702
4 0.876202 0.284856 0.084135 0.120192
4 0.940505 0.037260 0.022837 0.074519
4 0.084513 0.379261 0.041623 0.037368
4 0.427698 0.472692 0.052512 0.053558
4 0.242788 0.490385 0.115385 0.125000
4 0.913462 0.502404 0.086538 0.076923
4 0.323317 0.695312 0.108173 0.042067
4 0.910457 0.007812 0.051683 0.015625
4 0.442909 0.080529 0.034856 0.158654
4 0.393630 0.836538 0.066106 0.026442
4 0.478365 0.093750 0.211538 0.185096