4 0.169056 0.230944 0.052055 0.060445
4 0.358684 0.267680 0.037079 0.066611
4 0.732218 0.285288 0.024531 0.068173
4 0.373996 0.424772 0.108570 0.039447
4 0.596755 0.433293 0.042067 0.044471
4 0.148570 0.454663 0.073582 0.036731
4 0.493708 0.556154 0.054724 0.035385
4 0.537181 0.563053 0.014267 0.049183
4 0.583071 0.624303 0.077200 0.046683
4 0.510637 0.660361 0.026082 0.073125
4 0.518840 0.720595 0.049700 0.037344
4 0.461100 0.727879 0.044796 0.059123
4 0.536815 0.804393 0.025553 0.089555
4 0.520511 0.826100 0.079483 0.060853
4 0.420535 0.887813 0.100685 0.052067