4 0.381611 0.158654 0.082933 0.108173
4 0.903245 0.238582 0.169471 0.030048
4 0.521160 0.242855 0.030300 0.053017
4 0.890625 0.264423 0.060096 0.108173
4 0.268630 0.365385 0.056490 0.040865
4 0.281851 0.396635 0.061298 0.218750
4 0.599760 0.428486 0.149038 0.181490
4 0.012680 0.444591 0.025361 0.074279
4 0.620192 0.476562 0.052885 0.109375
4 0.127752 0.510895 0.111274 0.024195
4 0.018630 0.555889 0.037260 0.030048
4 0.934495 0.612981 0.128606 0.084135
4 0.430895 0.076923 0.248810 0.153846
4 0.719351 0.774038 0.155048 0.091346
4 0.592212 0.816671 0.028173 0.046803
4 0.200120 0.109375 0.044471 0.031250
4 0.229567 0.112380 0.091346 0.080529