4 0.151142 0.226082 0.035457 0.079567
4 0.315505 0.250601 0.167067 0.061298
4 0.715144 0.279447 0.228365 0.109375
4 0.638822 0.030048 0.051683 0.055288
4 0.384615 0.437500 0.060096 0.055288
4 0.287686 0.512620 0.070565 0.032452
4 0.120192 0.521034 0.060096 0.042067
4 0.191707 0.585938 0.094952 0.118990
4 0.666466 0.628005 0.092548 0.034856
4 0.983173 0.635216 0.031250 0.018029
4 0.790264 0.654447 0.092548 0.046875
4 0.559495 0.683293 0.034856 0.066106
4 0.033053 0.694111 0.049279 0.020433
4 0.937500 0.703726 0.050481 0.042067
4 0.550481 0.762620 0.033654 0.046875
4 0.720553 0.801082 0.138221 0.039663
4 0.168870 0.864784 0.044471 0.070913
4 0.531851 0.887019 0.020433 0.060096
4 0.682692 0.901442 0.108173 0.033654
4 0.795469 0.969862 0.100553 0.059916
4 0.260276 0.975962 0.025361 0.045673
4 0.363516 0.990986 0.020300 0.015625
4 0.147236 0.115385 0.046875 0.055288
4 0.818510 0.117188 0.151442 0.070913