4 0.202981 0.139014 0.071827 0.032837
4 0.463942 0.168870 0.408654 0.025240
4 0.891226 0.229567 0.164663 0.086538
4 0.147236 0.362981 0.090144 0.055288
4 0.361779 0.369591 0.096154 0.056490
4 0.324519 0.391226 0.031250 0.102163
4 0.336538 0.393029 0.067308 0.036058
4 0.867115 0.445367 0.034712 0.080637
4 0.954928 0.510817 0.087740 0.098558
4 0.934495 0.575469 0.131010 0.235072
4 0.926082 0.578125 0.140625 0.091346
4 0.042067 0.597187 0.084135 0.115048
4 0.042067 0.599760 0.084135 0.019231
4 0.349760 0.685697 0.098558 0.030048
4 0.387019 0.783654 0.052885 0.127404
4 0.674279 0.812500 0.108173 0.009615
4 0.641707 0.873636 0.093510 0.042945