4 0.918870 0.158654 0.075721 0.062500
4 0.795072 0.179688 0.287260 0.140625
4 0.220319 0.189916 0.056022 0.045697
4 0.909856 0.195312 0.091346 0.128606
4 0.112981 0.481370 0.146635 0.328125
4 0.549279 0.545072 0.072115 0.061298
4 0.465144 0.547476 0.031250 0.092548
4 0.483173 0.581731 0.086538 0.052885
4 0.821292 0.615721 0.053642 0.053558
4 0.132812 0.621394 0.114183 0.072115
4 0.648522 0.641286 0.066274 0.054207
4 0.530883 0.724014 0.042536 0.044183
4 0.072716 0.076923 0.056490 0.048077
4 0.756611 0.897236 0.131010 0.087740
4 0.684495 0.912260 0.049279 0.031250
4 0.348492 0.963942 0.134483 0.072115