4 0.825120 0.128606 0.061298 0.064904
4 0.947115 0.159856 0.105769 0.091346
4 0.509543 0.171785 0.069567 0.050300
4 0.358774 0.174279 0.078125 0.028846
4 0.697716 0.216947 0.150240 0.061298
4 0.878606 0.244591 0.028846 0.080529
4 0.274038 0.250601 0.031250 0.056490
4 0.186508 0.344934 0.048498 0.038425
4 0.899038 0.407452 0.156250 0.134615
4 0.552284 0.409255 0.311298 0.075721
4 0.934495 0.427885 0.068510 0.112981
4 0.046274 0.466947 0.034856 0.087740
4 0.733774 0.602163 0.239183 0.086538
4 0.197716 0.640625 0.039663 0.076923
4 0.107806 0.701490 0.035325 0.052019
4 0.901442 0.736779 0.062500 0.170673
4 0.453125 0.736779 0.110577 0.134615
4 0.903846 0.874399 0.192308 0.056490
4 0.421875 0.900841 0.045673 0.114183
4 0.128606 0.923678 0.081731 0.152644
4 0.176082 0.928486 0.049279 0.140625
4 0.957933 0.938101 0.084135 0.054087
4 0.740823 0.969952 0.072993 0.057692
4 0.646635 0.115385 0.040865 0.084135
4 0.570913 0.117188 0.048077 0.046875