4 0.973558 0.159856 0.052885 0.028846
4 0.373197 0.184495 0.087740 0.068510
4 0.396400 0.222957 0.059627 0.082933
4 0.547476 0.244591 0.030048 0.051683
4 0.070312 0.278245 0.025240 0.087740
4 0.844351 0.316106 0.162260 0.384615
4 0.299880 0.318510 0.051683 0.048077
4 0.105769 0.331731 0.064904 0.072115
4 0.028750 0.382758 0.031058 0.041959
4 0.268299 0.431046 0.058233 0.051995
4 0.432692 0.498197 0.062500 0.123798
4 0.151965 0.548732 0.044315 0.027752
4 0.615409 0.639351 0.045721 0.040721
4 0.066424 0.672644 0.024675 0.030385
4 0.989784 0.699519 0.020433 0.115385
4 0.472356 0.828125 0.036058 0.036058
4 0.339195 0.901857 0.048582 0.044099
4 0.019231 0.937500 0.031250 0.122596
4 0.654447 0.960337 0.068510 0.076923
4 0.054688 0.961538 0.032452 0.040865
4 0.097356 0.097356 0.045673 0.040865
4 0.261893 0.974159 0.030998 0.051683