4 0.447109 0.013822 0.038450 0.025240
4 0.468750 0.132812 0.122596 0.087740
4 0.439904 0.155048 0.021635 0.052885
4 0.664062 0.190505 0.099760 0.063702
4 0.369591 0.209135 0.056490 0.028846
4 0.078125 0.248197 0.028846 0.155048
4 0.088942 0.252404 0.052885 0.149038
4 0.090144 0.254207 0.091346 0.087740
4 0.119591 0.260817 0.075721 0.117788
4 0.659856 0.346154 0.033654 0.052885
4 0.843750 0.346755 0.153846 0.097356
4 0.898438 0.373798 0.020433 0.091346
4 0.388425 0.383041 0.010024 0.049736
4 0.155048 0.406250 0.031250 0.062500
4 0.495192 0.414663 0.084135 0.057692
4 0.754207 0.426082 0.087740 0.056490
4 0.263822 0.043269 0.049279 0.024038
4 0.667067 0.441106 0.045673 0.040865
4 0.400613 0.457542 0.029591 0.023257
4 0.132812 0.465144 0.131010 0.040865
4 0.450120 0.488582 0.078125 0.049279
4 0.123197 0.500601 0.109375 0.207933
4 0.576923 0.514423 0.036058 0.079327
4 0.815505 0.531851 0.111779 0.030048
4 0.810697 0.534856 0.051683 0.048077
4 0.629207 0.611779 0.078125 0.076923
4 0.613582 0.615986 0.015625 0.099760
4 0.602163 0.620192 0.045673 0.050481
4 0.809495 0.647236 0.061298 0.039663
4 0.799279 0.649038 0.036058 0.055288
4 0.496995 0.652644 0.018029 0.076923
4 0.644832 0.664062 0.085337 0.049279
4 0.826322 0.666466 0.013221 0.073317
4 0.906250 0.670673 0.024038 0.055288
4 0.878005 0.672476 0.131010 0.030048
4 0.698317 0.676082 0.060096 0.020433
4 0.508413 0.690505 0.045673 0.082933
4 0.506010 0.691707 0.021635 0.082933
4 0.461538 0.697716 0.021635 0.068510
4 0.627404 0.701923 0.086538 0.026442
4 0.659856 0.706731 0.103365 0.031250
4 0.440505 0.711538 0.018029 0.091346
4 0.420072 0.713341 0.030048 0.082933
4 0.920673 0.756611 0.072115 0.056490
4 0.356971 0.076923 0.031250 0.052885
4 0.873197 0.762019 0.070913 0.064904
4 0.205529 0.771034 0.098558 0.018029
4 0.867788 0.773438 0.031250 0.075721
4 0.018029 0.790264 0.036058 0.061298
4 0.959736 0.798876 0.078125 0.023233
4 0.205529 0.816707 0.028846 0.155048
4 0.557692 0.824519 0.165865 0.033654
4 0.328125 0.828125 0.021635 0.076923
4 0.628005 0.834135 0.200721 0.122596
4 0.280048 0.846755 0.043269 0.051683
4 0.295072 0.854567 0.126202 0.108173
4 0.675481 0.858173 0.098558 0.086538
4 0.222957 0.859375 0.114183 0.115385
4 0.968744 0.877975 0.060084 0.049219
4 0.879207 0.881010 0.078125 0.060096
4 0.409856 0.939904 0.064904 0.024038
4 0.476562 0.955529 0.034856 0.086538
4 0.551082 0.969952 0.114183 0.060096
4 0.980769 0.980769 0.036058 0.036058
4 0.030649 0.099159 0.061298 0.174279
4 0.756611 0.106773 0.075721 0.081334
4 0.042067 0.107572 0.084135 0.143029
4 0.498798 0.113582 0.064904 0.046875
4 0.040865 0.117788 0.081731 0.050481