4 0.152055 0.149694 0.032476 0.059002
4 0.282825 0.160601 0.039207 0.100048
4 0.205451 0.174934 0.047921 0.018137
4 0.861983 0.333618 0.031659 0.027812
4 0.537963 0.388462 0.035060 0.036538
4 0.180475 0.420631 0.050853 0.023954
4 0.729567 0.429688 0.040865 0.044471
4 0.977452 0.501803 0.029423 0.030048
4 0.557091 0.501803 0.056490 0.061298
4 0.498119 0.517855 0.075565 0.160709
4 0.832987 0.620433 0.057800 0.053365
4 0.177212 0.649062 0.041923 0.019279
4 0.494796 0.081184 0.025649 0.090252
4 0.956677 0.962698 0.055180 0.072031
4 0.414477 0.969255 0.045300 0.058702