4 0.639423 0.188702 0.057692 0.117788
4 0.617788 0.197115 0.086538 0.129808
4 0.170397 0.265715 0.047524 0.017007
4 0.077524 0.297476 0.155048 0.044471
4 0.371178 0.030469 0.057260 0.041707
4 0.058894 0.301683 0.067308 0.112981
4 0.836538 0.329928 0.067308 0.066106
4 0.695913 0.421875 0.050481 0.072115
4 0.133239 0.441184 0.030901 0.057849
4 0.972434 0.522602 0.053041 0.071647
4 0.735577 0.647837 0.060096 0.062500
4 0.611779 0.069712 0.050481 0.060096
4 0.651442 0.785457 0.201923 0.080529
4 0.699519 0.792668 0.151442 0.056490
4 0.895877 0.836538 0.048966 0.064904
4 0.046659 0.907933 0.093317 0.092308
4 0.040048 0.930553 0.060865 0.137548
4 0.760216 0.943510 0.270433 0.064904
4 0.341346 0.983774 0.024038 0.030048
4 0.319706 0.105252 0.033642 0.054255