4 0.024411 0.128389 0.048822 0.026010
4 0.924880 0.141226 0.099760 0.203125
4 0.546875 0.164663 0.028846 0.040865
4 0.638822 0.170072 0.152644 0.099760
4 0.418870 0.215745 0.039663 0.082933
4 0.340144 0.224760 0.024038 0.139423
4 0.623197 0.258413 0.039663 0.086538
4 0.787861 0.268630 0.049279 0.037260
4 0.336538 0.269832 0.055288 0.037260
4 0.924880 0.323317 0.070913 0.072115
4 0.722957 0.324519 0.061298 0.055288
4 0.934495 0.335938 0.061298 0.075721
4 0.326923 0.370192 0.036058 0.060096
4 0.439904 0.394832 0.127404 0.123798
4 0.628005 0.402644 0.046875 0.055288
4 0.461538 0.420072 0.093750 0.051683
4 0.026502 0.438149 0.053005 0.056587
4 0.325120 0.474760 0.039663 0.062500
4 0.551082 0.521635 0.087740 0.117788
4 0.015625 0.531454 0.031250 0.065313
4 0.439904 0.580529 0.072115 0.057692
4 0.326322 0.585938 0.046875 0.068510
4 0.441106 0.593750 0.033654 0.086538
4 0.924279 0.631010 0.084135 0.076923
4 0.324519 0.738582 0.031250 0.037260
4 0.436298 0.742788 0.052885 0.064904
4 0.168269 0.078726 0.062500 0.044471
4 0.549880 0.783654 0.082933 0.127404
4 0.924279 0.809495 0.067308 0.070913
4 0.020433 0.835493 0.040865 0.065216
4 0.441707 0.847356 0.051683 0.064904
4 0.436298 0.930288 0.086538 0.026442
4 0.432091 0.936298 0.051683 0.067308
4 0.035457 0.098480 0.070913 0.021478