4 0.073317 0.164219 0.146635 0.044784
4 0.385817 0.192909 0.055288 0.118990
4 0.093149 0.206731 0.186298 0.033654
4 0.518630 0.216947 0.078125 0.080529
4 0.880409 0.240986 0.106971 0.078125
4 0.341947 0.282452 0.207933 0.343750
4 0.503425 0.304748 0.062139 0.066226
4 0.724159 0.322716 0.155048 0.063702
4 0.503606 0.362981 0.151442 0.062500
4 0.139423 0.412260 0.134615 0.134615
4 0.748798 0.516226 0.021635 0.094952
4 0.715078 0.054357 0.074387 0.058233
4 0.103365 0.565505 0.134615 0.061298
4 0.602764 0.615986 0.167067 0.186298
4 0.409856 0.727764 0.125000 0.061298
4 0.677885 0.795673 0.120192 0.134615
4 0.313702 0.879808 0.110577 0.024038
4 0.966947 0.959748 0.066106 0.075745