4 0.990667 0.128317 0.017392 0.033077
4 0.952524 0.182692 0.056490 0.115385
4 0.694111 0.195312 0.080529 0.034856
4 0.846154 0.197716 0.086538 0.025240
4 0.737999 0.023383 0.038498 0.046767
4 0.239916 0.026232 0.035120 0.052464
4 0.163305 0.262542 0.059784 0.053930
4 0.784255 0.295072 0.051683 0.056490
4 0.391983 0.033053 0.096466 0.066106
4 0.258413 0.341346 0.024038 0.040865
4 0.924279 0.361737 0.149038 0.031166
4 0.143630 0.405048 0.051683 0.060096
4 0.429477 0.441707 0.065685 0.037260
4 0.674964 0.452368 0.068678 0.039351
4 0.237194 0.453726 0.024868 0.068510
4 0.183894 0.550481 0.069712 0.031250
4 0.496995 0.557091 0.102163 0.070913
4 0.929087 0.588341 0.139423 0.049279
4 0.352163 0.621995 0.088942 0.150240
4 0.557091 0.064904 0.044471 0.076923
4 0.906851 0.664062 0.056490 0.051683
4 0.067181 0.683179 0.086286 0.032224
4 0.309459 0.809165 0.058822 0.017368
4 0.493419 0.876202 0.066166 0.245192
4 0.158654 0.090144 0.036058 0.081731
4 0.084832 0.090036 0.085529 0.033437
4 0.683293 0.949519 0.082933 0.072115