4 0.255216 0.205595 0.056106 0.053017
4 0.519231 0.307656 0.038462 0.043197
4 0.478816 0.390228 0.034555 0.083341
4 0.059495 0.437500 0.075721 0.045673
4 0.314904 0.469351 0.139423 0.078125
4 0.421875 0.482572 0.062500 0.138221
4 0.030649 0.522236 0.061298 0.025240
4 0.022236 0.653323 0.044471 0.047031
4 0.936785 0.660204 0.027416 0.068005
4 0.316707 0.815505 0.123798 0.020433
4 0.323317 0.820913 0.031250 0.060096
4 0.379207 0.828726 0.061298 0.109375
4 0.791466 0.850361 0.061298 0.046875
4 0.389423 0.882812 0.055288 0.039663
4 0.836538 0.898438 0.170673 0.200721
4 0.385216 0.979567 0.042067 0.040865
4 0.591947 0.105769 0.102163 0.040865