4 0.639423 0.188702 0.057692 0.117788
4 0.617788 0.197115 0.086538 0.129808
4 0.475823 0.274315 0.062224 0.029399
4 0.077524 0.297476 0.155048 0.044471
4 0.058894 0.301683 0.067308 0.112981
4 0.836538 0.329928 0.067308 0.066106
4 0.695913 0.421875 0.050481 0.072115
4 0.133113 0.445535 0.028245 0.049724
4 0.971671 0.523281 0.053918 0.058582
4 0.735577 0.647837 0.060096 0.062500
4 0.611779 0.069712 0.050481 0.060096
4 0.012644 0.776376 0.025288 0.047945
4 0.651442 0.785457 0.201923 0.080529
4 0.699519 0.792668 0.151442 0.056490
4 0.899639 0.836538 0.056490 0.064904
4 0.046875 0.907710 0.093750 0.089459
4 0.043636 0.929345 0.048810 0.139940
4 0.760216 0.943510 0.270433 0.064904
4 0.340186 0.983774 0.021719 0.030048
4 0.322422 0.112572 0.029459 0.054471