4 0.035769 0.016304 0.045096 0.032608
4 0.181478 0.185451 0.033630 0.055998
4 0.816106 0.323918 0.045673 0.051683
4 0.176082 0.396635 0.176683 0.026442
4 0.878924 0.042963 0.055925 0.037849
4 0.030048 0.478990 0.060096 0.030096
4 0.861779 0.501803 0.112981 0.068510
4 0.856370 0.508413 0.015625 0.117788
4 0.626803 0.636418 0.150240 0.078125
4 0.937500 0.684495 0.084135 0.025240
4 0.849874 0.702151 0.043498 0.050938
4 0.738359 0.743978 0.032007 0.045649
4 0.408654 0.796875 0.055288 0.072115
4 0.310096 0.935697 0.139423 0.037260
4 0.686899 0.983173 0.042067 0.031250