4 0.899639 0.128005 0.198317 0.010817
4 0.672103 0.132903 0.048534 0.051863
4 0.471154 0.200120 0.024038 0.097356
4 0.289808 0.233660 0.045962 0.017800
4 0.864399 0.037861 0.046106 0.075721
4 0.271214 0.435331 0.073678 0.029315
4 0.359627 0.051052 0.055793 0.037200
4 0.491845 0.051082 0.077440 0.102163
4 0.409681 0.055036 0.026094 0.042764
4 0.503269 0.554273 0.057019 0.031623
4 0.980168 0.599760 0.037260 0.019231
4 0.490511 0.060727 0.026695 0.051743
4 0.554688 0.625000 0.143029 0.040865
4 0.591947 0.625000 0.020433 0.103365
4 0.041466 0.682692 0.078125 0.026442
4 0.534255 0.688101 0.068510 0.171875
4 0.354567 0.700120 0.108173 0.082933
4 0.037260 0.701923 0.031250 0.129808
4 0.375000 0.734976 0.064904 0.114183
4 0.402644 0.734375 0.060096 0.067308
4 0.638822 0.742188 0.123798 0.133413
4 0.715144 0.746394 0.149038 0.103365
4 0.717548 0.784856 0.040865 0.086538
4 0.381010 0.793269 0.031250 0.096154
4 0.772236 0.793870 0.075721 0.097356
4 0.222957 0.805288 0.061298 0.117788
4 0.629207 0.813101 0.046875 0.099760
4 0.189904 0.826923 0.165865 0.156250
4 0.514423 0.009014 0.064904 0.013221
4 0.378606 0.851562 0.045673 0.099760
4 0.136220 0.862187 0.080132 0.101779
4 0.534255 0.867188 0.051683 0.046875
4 0.549880 0.878005 0.030048 0.092548
4 0.589123 0.090150 0.043630 0.026454
4 0.897031 0.974477 0.044063 0.049916