4 0.287260 0.162260 0.129808 0.088942
4 0.692734 0.325739 0.048930 0.048113
4 0.721755 0.504207 0.099760 0.123798
4 0.697716 0.525841 0.128606 0.051683
4 0.367788 0.628005 0.141827 0.073317
4 0.447115 0.653245 0.158654 0.227163
4 0.076322 0.672476 0.037260 0.109375
4 0.478966 0.712740 0.203125 0.031250
4 0.549153 0.073888 0.062248 0.034796
4 0.381004 0.894189 0.057680 0.035974
4 0.900841 0.916466 0.080529 0.164663
4 0.189820 0.951923 0.069543 0.093750
4 0.472368 0.968149 0.110601 0.061298
4 0.548125 0.977764 0.036154 0.042067
4 0.764694 0.118161 0.046214 0.044014