4 0.320913 0.179688 0.096154 0.056490
4 0.139633 0.215944 0.026863 0.064099
4 0.430288 0.025240 0.055288 0.050481
4 0.983173 0.265024 0.033654 0.078125
4 0.641226 0.304688 0.018029 0.162260
4 0.973558 0.332933 0.052885 0.055288
4 0.344351 0.346755 0.114183 0.082933
4 0.638822 0.481370 0.051683 0.133413
4 0.689904 0.519832 0.420673 0.224760
4 0.974838 0.558444 0.048233 0.047175
4 0.737380 0.072716 0.051683 0.109375
4 0.554688 0.778245 0.123798 0.073317
4 0.690505 0.858173 0.140625 0.115385
4 0.878005 0.887620 0.143029 0.051683
4 0.471406 0.905048 0.161562 0.187500