4 0.672476 0.132812 0.049279 0.265625
4 0.519832 0.174880 0.056490 0.044471
4 0.515625 0.178486 0.031250 0.087740
4 0.925481 0.269832 0.040865 0.068510
4 0.375000 0.363582 0.086538 0.025240
4 0.359375 0.371995 0.103365 0.102163
4 0.572716 0.417067 0.037260 0.086538
4 0.981971 0.484976 0.033654 0.118990
4 0.981971 0.492788 0.033654 0.141827
4 0.191707 0.612981 0.121394 0.043269
4 0.177885 0.628606 0.060096 0.129808
4 0.856370 0.731370 0.070913 0.078125
4 0.445312 0.078125 0.063702 0.156250
4 0.977163 0.809657 0.045673 0.042392
4 0.955529 0.846154 0.086538 0.086538
4 0.238582 0.873197 0.078125 0.082933
4 0.119651 0.109327 0.128726 0.105673
4 0.882212 0.114183 0.233173 0.052885