4 0.800108 0.174880 0.258870 0.349760
4 0.671274 0.227163 0.311298 0.062500
4 0.300481 0.292668 0.314904 0.051683
4 0.591947 0.297476 0.549279 0.104567
4 0.086538 0.305288 0.088942 0.093750
4 0.019465 0.032224 0.038930 0.064447
4 0.608990 0.443900 0.032885 0.063281
4 0.063702 0.489573 0.127404 0.032031
4 0.361178 0.543870 0.066106 0.167067
4 0.889423 0.570312 0.218750 0.229567
4 0.820913 0.061298 0.108173 0.067308
4 0.670072 0.740385 0.417067 0.233173
4 0.317909 0.080529 0.082933 0.161058
4 0.570889 0.922446 0.040817 0.042007
4 0.786052 0.956833 0.045661 0.048281
4 0.603035 0.102764 0.085877 0.205529