4 0.441833 0.169850 0.039916 0.036815
4 0.020757 0.219237 0.022284 0.075493
4 0.760216 0.225361 0.056490 0.030048
4 0.624712 0.570913 0.143654 0.055288
4 0.822338 0.604964 0.043714 0.034447
4 0.332332 0.605769 0.078125 0.055288
4 0.363323 0.610523 0.067993 0.050373
4 0.303450 0.063450 0.041995 0.040361
4 0.975337 0.753540 0.049231 0.045541
4 0.566707 0.881010 0.390625 0.117788
4 0.701959 0.888624 0.125072 0.221959
4 0.881010 0.896635 0.076923 0.086538
4 0.480367 0.898438 0.157849 0.203125
4 0.908053 0.922476 0.183894 0.155048
4 0.889423 0.933894 0.062500 0.129808