4 0.698281 0.120499 0.043197 0.055901
4 0.799279 0.125601 0.033654 0.013221
4 0.799279 0.135216 0.031250 0.044471
4 0.506010 0.144231 0.074519 0.165865
4 0.941707 0.236779 0.039663 0.026442
4 0.939904 0.238582 0.024038 0.030048
4 0.683894 0.310697 0.156250 0.056490
4 0.281851 0.316106 0.044471 0.060096
4 0.468750 0.375601 0.064904 0.087740
4 0.750601 0.448317 0.061298 0.108173
4 0.592548 0.627404 0.161058 0.060096
4 0.156851 0.773438 0.082933 0.013221
4 0.138822 0.778245 0.032452 0.068510
4 0.313101 0.120192 0.138221 0.036058
4 0.518630 0.119591 0.078125 0.049279