4 0.929087 0.012620 0.076923 0.025240
4 0.107133 0.158173 0.021959 0.097596
4 0.387620 0.017428 0.222356 0.034856
4 0.445913 0.187500 0.076923 0.062500
4 0.920673 0.187500 0.091346 0.072115
4 0.266244 0.244032 0.039700 0.072200
4 0.927885 0.025841 0.040865 0.051683
4 0.090144 0.314904 0.108173 0.091346
4 0.932091 0.334135 0.049279 0.052885
4 0.438101 0.340144 0.046875 0.084135
4 0.920072 0.346755 0.049279 0.039663
4 0.148438 0.357572 0.217548 0.140625
4 0.144832 0.362380 0.121394 0.075721
4 0.298660 0.471965 0.051647 0.059315
4 0.924880 0.490986 0.075721 0.068510
4 0.637668 0.602873 0.044567 0.051899
4 0.838942 0.631010 0.146635 0.137019
4 0.482572 0.745192 0.025240 0.076923
4 0.559495 0.750000 0.118990 0.024038
4 0.701923 0.753005 0.021635 0.068510
4 0.565505 0.779447 0.046875 0.097356
4 0.562500 0.820312 0.076923 0.155048
4 0.424880 0.858173 0.056490 0.036058
4 0.543269 0.862380 0.055288 0.068510