4 0.110445 0.121575 0.220889 0.089303
4 0.475337 0.153648 0.075673 0.066911
4 0.068510 0.022837 0.067308 0.045673
4 0.179688 0.290264 0.025240 0.186298
4 0.318510 0.316106 0.348558 0.120192
4 0.705529 0.034255 0.076923 0.068510
4 0.409255 0.362981 0.174279 0.206731
4 0.380409 0.529447 0.046875 0.118990
4 0.393630 0.531851 0.390625 0.424279
4 0.091346 0.573317 0.024038 0.052885
4 0.913462 0.058293 0.060096 0.070913
4 0.625000 0.598558 0.052885 0.050481
4 0.403245 0.665264 0.046875 0.046875
4 0.508413 0.737380 0.045673 0.061298
4 0.048522 0.746905 0.097043 0.029868
4 0.653245 0.805889 0.174279 0.039663
4 0.626202 0.813702 0.084135 0.117788