4 0.697115 0.140625 0.060096 0.045673
4 0.172933 0.144453 0.018942 0.062945
4 0.091502 0.148474 0.058005 0.051755
4 0.709736 0.208534 0.155048 0.068510
4 0.125938 0.283672 0.037933 0.045709
4 0.367788 0.445312 0.182692 0.102163
4 0.043870 0.469952 0.087740 0.043269
4 0.032139 0.499002 0.064279 0.010024
4 0.465535 0.057332 0.063281 0.032933
4 0.199519 0.632812 0.052885 0.037260
4 0.780481 0.805300 0.089808 0.038486
4 0.597548 0.918732 0.115769 0.044195
4 0.739183 0.922476 0.120192 0.109375
4 0.035457 0.929633 0.070913 0.111671