4 0.073317 0.162121 0.146635 0.038185
4 0.385817 0.192909 0.055288 0.118990
4 0.096262 0.207692 0.192524 0.030769
4 0.518630 0.233666 0.078125 0.046659
4 0.880409 0.240986 0.106971 0.078125
4 0.341947 0.282452 0.207933 0.343750
4 0.499249 0.307151 0.065805 0.068630
4 0.724159 0.322716 0.155048 0.063702
4 0.503606 0.362981 0.151442 0.062500
4 0.139423 0.412260 0.134615 0.134615
4 0.748798 0.516226 0.021635 0.094952
4 0.103365 0.565505 0.134615 0.061298
4 0.712446 0.058107 0.081142 0.051310
4 0.602764 0.615986 0.167067 0.186298
4 0.137175 0.616400 0.050793 0.028474
4 0.409856 0.727764 0.125000 0.061298
4 0.677885 0.795673 0.120192 0.134615
4 0.313702 0.879808 0.110577 0.024038
4 0.534261 0.881785 0.099772 0.023185
4 0.568534 0.093444 0.036106 0.069099
4 0.971755 0.956130 0.056490 0.087740