4 0.615625 0.122813 0.058173 0.065337
4 0.697115 0.140625 0.060096 0.045673
4 0.174020 0.144555 0.033137 0.063149
4 0.709736 0.208534 0.155048 0.068510
4 0.229669 0.022422 0.045877 0.032825
4 0.102212 0.026671 0.021731 0.053341
4 0.367788 0.445312 0.182692 0.102163
4 0.044471 0.472380 0.088942 0.043317
4 0.032260 0.498011 0.064519 0.012849
4 0.462398 0.055397 0.057007 0.031466
4 0.199519 0.632812 0.052885 0.037260
4 0.777482 0.807993 0.098233 0.036659
4 0.739183 0.922476 0.120192 0.109375
4 0.035457 0.931544 0.070913 0.108281