4 0.701923 0.137019 0.055288 0.165865
4 0.369591 0.155048 0.114183 0.108173
4 0.283413 0.018029 0.052404 0.036058
4 0.748798 0.194111 0.040865 0.030048
4 0.056088 0.224940 0.037656 0.077284
4 0.782716 0.227596 0.063029 0.015288
4 0.220655 0.024639 0.044675 0.049279
4 0.081130 0.268630 0.025240 0.056490
4 0.572001 0.305823 0.163233 0.077993
4 0.335938 0.310697 0.102163 0.030048
4 0.808642 0.319032 0.170168 0.164507
4 0.464411 0.333696 0.058630 0.073642
4 0.558894 0.359976 0.108173 0.044471
4 0.927975 0.368936 0.043450 0.266719
4 0.351562 0.375601 0.082933 0.078125
4 0.643029 0.401442 0.076923 0.086538
4 0.281250 0.447716 0.052885 0.133413
4 0.750601 0.465745 0.106971 0.123798
4 0.365986 0.479567 0.056490 0.031250
4 0.588942 0.481370 0.076923 0.061298
4 0.796875 0.488582 0.072115 0.109375
4 0.231370 0.507812 0.027644 0.044471
4 0.637620 0.515625 0.061298 0.045673
4 0.658654 0.537861 0.127404 0.025240
4 0.819111 0.551082 0.102163 0.078125
4 0.110355 0.570913 0.054844 0.052885
4 0.717548 0.631010 0.091346 0.086538
4 0.964543 0.644429 0.068510 0.122993
4 0.422476 0.653245 0.039663 0.217548
4 0.752404 0.664062 0.064904 0.051683
4 0.240385 0.686298 0.033654 0.052885
4 0.871995 0.706731 0.068510 0.134615
4 0.828125 0.769832 0.028846 0.106971
4 0.781851 0.826923 0.044471 0.040865
4 0.408438 0.836304 0.066875 0.047608
4 0.586538 0.858173 0.040865 0.064904
4 0.605769 0.875000 0.033654 0.117788
4 0.472957 0.903245 0.056490 0.037260
4 0.637620 0.945312 0.068510 0.025240
4 0.278594 0.964195 0.049976 0.024543
4 0.753395 0.968750 0.045252 0.060096
4 0.019231 0.993389 0.038462 0.013221
4 0.260980 0.101725 0.026767 0.061623
4 0.625601 0.111779 0.046875 0.045673