4 0.127404 0.120547 0.254808 0.082440
4 0.896635 0.289062 0.206731 0.241587
4 0.400559 0.291370 0.036695 0.087548
4 0.107572 0.367188 0.186298 0.051683
4 0.596268 0.508798 0.067536 0.068077
4 0.246526 0.692440 0.043534 0.072380
4 0.101659 0.753005 0.025433 0.056490
4 0.699002 0.792067 0.061466 0.242788
4 0.195331 0.801322 0.054123 0.042548
4 0.025240 0.850962 0.050481 0.062500
4 0.522236 0.861310 0.037260 0.020697
4 0.637019 0.908654 0.045673 0.117788
4 0.521635 0.951923 0.024038 0.052885
4 0.196490 0.969952 0.049231 0.057692