4 0.308894 0.156851 0.052885 0.037260
4 0.313101 0.182692 0.030048 0.112981
4 0.752404 0.376803 0.031250 0.126202
4 0.816707 0.387019 0.046875 0.067308
4 0.481370 0.434495 0.049279 0.097356
4 0.879207 0.440505 0.087740 0.070913
4 0.152644 0.514423 0.079327 0.062500
4 0.159856 0.596154 0.079327 0.072115
4 0.256010 0.781250 0.076923 0.021635
4 0.277644 0.799880 0.043269 0.133413
4 0.276442 0.824519 0.072115 0.033654
4 0.033654 0.841947 0.067308 0.080529
4 0.615986 0.844351 0.131010 0.109375
4 0.617788 0.890625 0.115385 0.158654
4 0.563101 0.912260 0.082933 0.021635
4 0.616587 0.952524 0.064904 0.092548
4 0.593149 0.990986 0.073317 0.018029