4 0.798804 0.174880 0.256262 0.349760
4 0.671274 0.227163 0.311298 0.062500
4 0.020288 0.028359 0.040577 0.056719
4 0.300481 0.292668 0.314904 0.051683
4 0.591947 0.297476 0.549279 0.104567
4 0.086538 0.305288 0.088942 0.093750
4 0.547897 0.332812 0.093389 0.031010
4 0.060974 0.485337 0.121947 0.023558
4 0.361178 0.543870 0.066106 0.167067
4 0.889423 0.570312 0.218750 0.229567
4 0.820913 0.061298 0.108173 0.067308
4 0.670072 0.740385 0.417067 0.233173
4 0.317909 0.080529 0.082933 0.161058
4 0.575222 0.920108 0.042272 0.042139
4 0.611779 0.102764 0.103365 0.205529