4 0.069712 0.198425 0.139423 0.065120
4 0.286659 0.222356 0.039663 0.050481
4 0.024639 0.027043 0.049279 0.054087
4 0.548678 0.281250 0.143029 0.036058
4 0.704928 0.301683 0.296875 0.028846
4 0.769231 0.031851 0.161058 0.046875
4 0.700120 0.318510 0.051683 0.271635
4 0.100962 0.353810 0.201923 0.036947
4 0.216346 0.381010 0.067308 0.064904
4 0.634615 0.423678 0.055288 0.073317
4 0.849760 0.495192 0.050481 0.050481
4 0.639321 0.069459 0.057488 0.040361
4 0.742188 0.698317 0.186298 0.031250
4 0.729567 0.703125 0.055288 0.096154
4 0.846154 0.736779 0.108173 0.151442
4 0.248798 0.769231 0.252404 0.177885
4 0.617788 0.802885 0.125000 0.098558
4 0.871995 0.828726 0.051683 0.150240
4 0.903395 0.083047 0.037560 0.053113
4 0.378606 0.924279 0.165865 0.052885
4 0.744591 0.933293 0.150240 0.042067
4 0.606971 0.983774 0.052885 0.030048