4 0.658654 0.206286 0.680288 0.078437
4 0.530048 0.250445 0.031250 0.039351
4 0.740986 0.273438 0.248798 0.082933
4 0.039507 0.335913 0.079014 0.082885
4 0.504207 0.387019 0.183894 0.064904
4 0.865385 0.388822 0.055288 0.051683
4 0.083582 0.486316 0.167163 0.128882
4 0.963341 0.528077 0.070913 0.053750
4 0.406851 0.053486 0.027644 0.106971
4 0.369435 0.537861 0.068197 0.102163
4 0.631611 0.588341 0.070913 0.070913
4 0.323317 0.641226 0.062500 0.150240
4 0.316707 0.651442 0.203125 0.050481
4 0.060697 0.656250 0.046875 0.117788
4 0.195913 0.674880 0.161058 0.164663
4 0.178486 0.691106 0.051683 0.149038
4 0.522236 0.701322 0.051683 0.176683
4 0.715144 0.793870 0.271635 0.080529
4 0.385216 0.807091 0.087740 0.070913
4 0.724760 0.814904 0.336538 0.218750
4 0.443510 0.832332 0.216346 0.138221
4 0.235523 0.890805 0.175373 0.029207
4 0.615986 0.899038 0.027644 0.091346