4 0.928510 0.013245 0.078173 0.026490
4 0.894916 0.143564 0.042236 0.017897
4 0.387620 0.017428 0.222356 0.034856
4 0.445913 0.187500 0.076923 0.062500
4 0.920673 0.187500 0.091346 0.072115
4 0.358708 0.240036 0.044339 0.056995
4 0.270006 0.244345 0.042416 0.082440
4 0.927885 0.025841 0.040865 0.051683
4 0.090144 0.314904 0.108173 0.091346
4 0.356803 0.317133 0.035721 0.030901
4 0.932091 0.334135 0.049279 0.052885
4 0.438101 0.340144 0.046875 0.084135
4 0.920072 0.346755 0.049279 0.039663
4 0.148438 0.357572 0.217548 0.140625
4 0.144832 0.362380 0.121394 0.075721
4 0.296659 0.472596 0.052452 0.053365
4 0.924880 0.490986 0.075721 0.068510
4 0.639393 0.609880 0.040805 0.049087
4 0.838942 0.631010 0.146635 0.137019
4 0.482572 0.745192 0.025240 0.076923
4 0.559495 0.750000 0.118990 0.024038
4 0.701923 0.753005 0.021635 0.068510
4 0.565505 0.779447 0.046875 0.097356
4 0.562500 0.820312 0.076923 0.155048
4 0.424880 0.858173 0.056490 0.036058
4 0.543269 0.862380 0.055288 0.068510