4 0.945745 0.012103 0.023702 0.024207
4 0.284255 0.128005 0.106971 0.104567
4 0.177284 0.141226 0.087740 0.037260
4 0.685096 0.263822 0.026442 0.167067
4 0.075120 0.284856 0.150240 0.108173
4 0.147837 0.031593 0.221154 0.034339
4 0.570312 0.037260 0.320913 0.043269
4 0.647903 0.364249 0.053017 0.089075
4 0.736803 0.400907 0.021683 0.071046
4 0.362380 0.501803 0.133413 0.162260
4 0.911659 0.508840 0.176683 0.048930
4 0.562500 0.547476 0.026442 0.176683
4 0.840144 0.616845 0.158654 0.034171
4 0.065505 0.617788 0.070913 0.139423
4 0.897236 0.625601 0.099760 0.097356
4 0.437500 0.682091 0.197115 0.082933
4 0.721755 0.739784 0.073317 0.051683
4 0.018029 0.763822 0.036058 0.087740
4 0.325721 0.798077 0.033654 0.112981
4 0.690523 0.845361 0.075757 0.063317
4 0.160889 0.864958 0.259279 0.265974
4 0.987981 0.874225 0.021635 0.034507
4 0.943510 0.926082 0.072115 0.030048
4 0.927650 0.939904 0.047608 0.117788
4 0.640547 0.957933 0.033498 0.081731
4 0.309760 0.976989 0.030577 0.045325
4 0.343149 0.983774 0.027644 0.032452