4 0.274038 0.137350 0.173077 0.272296
4 0.209135 0.148438 0.125000 0.073317
4 0.487380 0.153245 0.080529 0.099760
4 0.925481 0.237380 0.033654 0.046875
4 0.906851 0.265625 0.068510 0.076923
4 0.976172 0.028846 0.046094 0.057692
4 0.918269 0.289062 0.084135 0.092548
4 0.666466 0.301082 0.092548 0.037260
4 0.672476 0.309495 0.051683 0.078125
4 0.085108 0.345992 0.052428 0.062175
4 0.248798 0.359976 0.033654 0.046875
4 0.234976 0.367188 0.080529 0.068510
4 0.582656 0.515006 0.088389 0.044435
4 0.269231 0.639423 0.096154 0.076923
4 0.631611 0.810697 0.217548 0.097356
4 0.563101 0.853966 0.320913 0.164663
4 0.877404 0.853966 0.096154 0.080529
4 0.508413 0.894832 0.115385 0.082933
4 0.303972 0.944237 0.067079 0.049531
4 0.406851 0.101562 0.234375 0.203125
4 0.432091 0.117788 0.109375 0.185096