4 0.516869 0.192061 0.040950 0.035565
4 0.226358 0.281286 0.087332 0.038534
4 0.947698 0.361148 0.030012 0.073257
4 0.694111 0.394784 0.099760 0.041971
4 0.301683 0.475361 0.036058 0.039663
4 0.185343 0.489754 0.022127 0.051623
4 0.937680 0.498179 0.021995 0.070877
4 0.289663 0.561899 0.052885 0.042067
4 0.917638 0.570913 0.032392 0.060096
4 0.978365 0.612380 0.043269 0.044471
4 0.026442 0.684964 0.052885 0.050216
4 0.984375 0.718149 0.031250 0.027644
4 0.857572 0.736779 0.123798 0.024038
4 0.591346 0.075120 0.088942 0.068510
4 0.016226 0.796875 0.032452 0.040865
4 0.590144 0.868389 0.055288 0.037260
4 0.011923 0.107572 0.023846 0.114183