4 0.918870 0.158654 0.075721 0.062500
4 0.818744 0.192386 0.240853 0.115541
4 0.909856 0.195312 0.091346 0.128606
4 0.112981 0.481370 0.146635 0.328125
4 0.549279 0.545072 0.072115 0.061298
4 0.465144 0.547476 0.031250 0.092548
4 0.483173 0.581731 0.086538 0.052885
4 0.818732 0.618017 0.046118 0.048534
4 0.132812 0.621394 0.114183 0.072115
4 0.651761 0.647873 0.043906 0.045745
4 0.804099 0.699501 0.045697 0.052849
4 0.072716 0.076923 0.056490 0.048077
4 0.756611 0.897236 0.131010 0.087740
4 0.684495 0.912260 0.049279 0.031250
4 0.349958 0.963942 0.130204 0.072115
4 0.253185 0.101701 0.044832 0.025517