4 0.887001 0.012332 0.036022 0.024663
4 0.196436 0.012620 0.061142 0.025240
4 0.697716 0.154447 0.075721 0.025240
4 0.891857 0.207644 0.185156 0.035481
4 0.396635 0.222356 0.091346 0.134615
4 0.885240 0.226088 0.188750 0.106022
4 0.101562 0.039062 0.030048 0.078125
4 0.237380 0.400841 0.061298 0.097356
4 0.492788 0.443510 0.290865 0.146635
4 0.531851 0.515625 0.018029 0.064904
4 0.500000 0.557091 0.122596 0.080529
4 0.109976 0.063702 0.159856 0.127404
4 0.448317 0.725361 0.149038 0.078125
4 0.782951 0.081983 0.041863 0.163966
4 0.396046 0.861352 0.068534 0.054435