1 0.127161 0.216603 0.225989 0.153716
1 0.266579 0.287487 0.062210 0.046538
1 0.302348 0.306560 0.013803 0.008263
1 0.347511 0.343372 0.094309 0.086132
1 0.427666 0.383912 0.058449 0.047486
1 0.446064 0.411078 0.022833 0.016320
1 0.451231 0.424960 0.014660 0.012928
1 0.446506 0.450551 0.017293 0.037962
1 0.455985 0.505784 0.066974 0.078404
1 0.524951 0.557008 0.095412 0.075365
1 0.598825 0.597213 0.047442 0.036403
1 0.634105 0.609772 0.019339 0.013732
1 0.652027 0.635250 0.054457 0.048422
1 0.753479 0.705348 0.157040 0.114430
1 0.841024 0.839185 0.132498 0.168703
1 0.935043 0.909386 0.054234 0.045662