1 0.349525 0.105545 0.071492 0.211090
1 0.365439 0.244412 0.028113 0.067663
1 0.371248 0.285334 0.009930 0.014644
1 0.390786 0.341443 0.058664 0.110146
1 0.401696 0.432376 0.031697 0.063058
1 0.421321 0.459478 0.011617 0.021417
1 0.432827 0.469271 0.009705 0.015233
1 0.459006 0.473671 0.040844 0.025983
1 0.508646 0.502017 0.069775 0.079375
1 0.533702 0.585964 0.046147 0.107685
1 0.546480 0.670761 0.023098 0.050616
1 0.546214 0.708939 0.008479 0.017948
1 0.564389 0.734998 0.034193 0.060776
1 0.596206 0.856642 0.062340 0.179372
1 0.678078 0.952245 0.108222 0.095510