1 0.752934 0.107166 0.133251 0.214333
1 0.694724 0.240451 0.040304 0.059496
1 0.679274 0.275036 0.006903 0.012519
1 0.647897 0.319534 0.075833 0.091609
1 0.615326 0.396893 0.041688 0.055803
1 0.591197 0.415814 0.014146 0.021035
1 0.578591 0.421535 0.011550 0.013888
1 0.554425 0.418799 0.034987 0.014870
1 0.503547 0.431234 0.072091 0.065272
1 0.460284 0.498860 0.065385 0.091980
1 0.427616 0.570342 0.031734 0.045188
1 0.418207 0.604047 0.011907 0.017909
1 0.395621 0.622414 0.042860 0.052370
1 0.336880 0.721550 0.097838 0.151787
1 0.217807 0.811879 0.153017 0.131543
1 0.158485 0.904094 0.040475 0.051426
1 0.144450 0.945156 0.010169 0.023018
1 0.125426 0.967508 0.021694 0.053816