2 0.840141 0.559438 0.216642 0.265718
2 0.448255 0.655396 0.183912 0.228266
2 0.253300 0.636780 0.129413 0.213080
2 0.618106 0.555004 0.106733 0.120099
2 0.210083 0.478610 0.263383 0.090830
2 0.697006 0.570764 0.027122 0.250852
2 0.479041 0.279768 0.119719 0.096752
2 0.571166 0.326639 0.016129 0.025068
2 0.760604 0.319052 0.059189 0.076074
2 0.275335 0.264053 0.142423 0.089584
2 0.267684 0.350758 0.120496 0.062277
2 0.043400 0.354618 0.029239 0.043540
2 0.153317 0.609231 0.063805 0.160143
2 0.068213 0.568558 0.078883 0.111894
2 0.293945 0.188916 0.080380 0.060634
2 0.040190 0.239096 0.029446 0.037474
2 0.572407 0.710416 0.063284 0.040485
2 0.433755 0.503502 0.148246 0.054557