2 0.087592 0.175994 0.164992 0.077687
2 0.514008 0.232238 0.090058 0.040175
2 0.839500 0.309656 0.091033 0.049181
2 0.154033 0.397319 0.306217 0.093244
2 0.499200 0.428737 0.349333 0.083169
2 0.728842 0.443319 0.097500 0.062331
2 0.899767 0.454775 0.200467 0.072744
2 0.953858 0.686163 0.069750 0.112606
2 0.114442 0.472481 0.140925 0.045662
2 0.322333 0.952275 0.206700 0.046912
2 0.014200 0.615338 0.026542 0.145956
2 0.961725 0.559288 0.075625 0.139063
2 0.898533 0.853506 0.106325 0.030625
2 0.897367 0.659981 0.132125 0.337669