2 0.289261 0.605626 0.126331 0.082027
2 0.193539 0.651847 0.046885 0.052080
2 0.102413 0.077891 0.204826 0.155781
2 0.381078 0.632317 0.626868 0.458307
2 0.585644 0.632075 0.044089 0.039542
2 0.675067 0.611767 0.042378 0.038500
2 0.727667 0.637150 0.044822 0.037200
2 0.647278 0.689500 0.028478 0.031467
2 0.690511 0.687933 0.042722 0.034592
2 0.755111 0.811367 0.205256 0.193958
2 0.486678 0.227917 0.026711 0.035400
2 0.541367 0.330000 0.066656 0.091642
2 0.427289 0.377658 0.055167 0.053617
2 0.486844 0.400958 0.057611 0.129400
2 0.571922 0.475183 0.061111 0.038250
2 0.444133 0.260342 0.080522 0.077325
2 0.375556 0.082450 0.110022 0.164892
2 0.370867 0.272575 0.067311 0.183050
2 0.762578 0.516975 0.103511 0.071842