3 0.840633 0.615602 0.155785 0.125262
3 0.688528 0.663597 0.046928 0.042529
3 0.647465 0.740589 0.127587 0.061594
3 0.289636 0.508880 0.579272 0.687794
3 0.121721 0.339498 0.189180 0.233175
3 0.149951 0.438487 0.025664 0.029330
3 0.492748 0.379093 0.111455 0.111455
3 0.596504 0.339498 0.078458 0.067460
3 0.052061 0.064160 0.104122 0.120987
3 0.280104 0.102289 0.071859 0.110722
3 0.386426 0.249674 0.074792 0.088724
3 0.551775 0.194313 0.050595 0.063060
3 0.452067 0.529601 0.121066 0.131885
2 0.568754 0.579058 0.051518 0.052548
2 0.642167 0.523677 0.063367 0.056154