2 0.710084 0.189869 0.579832 0.379716
2 0.764119 0.529515 0.471761 0.280336
2 0.899105 0.704489 0.197659 0.192550
2 0.762485 0.649756 0.047053 0.024331
2 0.634117 0.662731 0.022251 0.016469
2 0.850396 0.987169 0.046329 0.025656
2 0.239554 0.966406 0.122563 0.067187
2 0.527699 0.977538 0.087253 0.042325
2 0.367064 0.744044 0.063387 0.027050
2 0.442373 0.807031 0.038618 0.018706
2 0.562496 0.914769 0.080591 0.084463
2 0.229783 0.334575 0.040479 0.032819
2 0.522162 0.410606 0.048735 0.028325
2 0.339510 0.347944 0.040312 0.033887