2 0.393316 0.117977 0.786632 0.235954
2 0.859759 0.122192 0.083600 0.071646
2 0.728626 0.397185 0.164987 0.494830
2 0.251204 0.201831 0.107910 0.043237
2 0.122650 0.177456 0.071712 0.029678
2 0.462728 0.221533 0.073496 0.038657
2 0.580898 0.229414 0.098691 0.033892
2 0.573691 0.276792 0.096003 0.050933
2 0.612669 0.352573 0.103587 0.080801
2 0.433405 0.328379 0.222578 0.099863
2 0.255605 0.321689 0.128437 0.155396
2 0.202090 0.541348 0.289245 0.216416
2 0.426322 0.608081 0.268516 0.456919
2 0.148320 0.720415 0.279460 0.159604
2 0.146471 0.893618 0.292936 0.212764
2 0.432552 0.917993 0.260944 0.158511
2 0.681719 0.605864 0.222135 0.282407
2 0.814668 0.849531 0.083346 0.123130
2 0.675970 0.932007 0.069876 0.046147
2 0.665469 0.829556 0.193535 0.108101
2 0.211615 0.390322 0.235970 0.119648
2 0.964694 0.039971 0.070605 0.079941
2 0.782161 0.354404 0.094577 0.110850
2 0.875645 0.260200 0.066491 0.079331
2 0.811367 0.234355 0.033730 0.039380
2 0.835065 0.678545 0.069889 0.198330
2 0.940260 0.560601 0.119479 0.083374
2 0.755632 0.952798 0.167669 0.094399
2 0.975586 0.266602 0.048828 0.084961