2 0.740434 0.527465 0.518918 0.322726
2 0.716812 0.344097 0.058330 0.059990
2 0.727212 0.288289 0.025079 0.020920
2 0.551868 0.373638 0.034289 0.031585
2 0.430050 0.390707 0.032483 0.018780
2 0.796392 0.157396 0.039676 0.022661
2 0.645856 0.774526 0.082857 0.072659
2 0.238796 0.210136 0.189117 0.105734
2 0.041736 0.105114 0.083469 0.103740
2 0.083452 0.309821 0.110304 0.065055
2 0.186505 0.273482 0.058932 0.029717
2 0.251987 0.308229 0.091595 0.080013
2 0.672013 0.128518 0.655973 0.256168
2 0.450426 0.563007 0.278081 0.343390
2 0.425395 0.455525 0.192972 0.242302
2 0.428813 0.824737 0.145231 0.064258