2 0.499610 0.517048 0.999221 0.244037
2 0.970130 0.131544 0.027606 0.024498
2 0.770530 0.143031 0.049641 0.016838
2 0.513000 0.090568 0.034628 0.022202
2 0.313905 0.116863 0.025068 0.015564
2 0.701561 0.014616 0.085639 0.023484
2 0.945498 0.012541 0.046287 0.025078
2 0.916109 0.049334 0.033710 0.035735
2 0.743531 0.784320 0.511379 0.431360
2 0.240369 0.742473 0.480737 0.250190
2 0.405810 0.942646 0.034945 0.061738
2 0.236106 0.867460 0.024372 0.025744
2 0.309149 0.866565 0.034579 0.030086
2 0.397657 0.871033 0.024073 0.028807
2 0.435536 0.856736 0.026459 0.026765
2 0.457620 0.880609 0.016273 0.017320
2 0.467816 0.969069 0.050249 0.047185