2 0.505220 0.311828 0.989559 0.164309
2 0.064365 0.038358 0.045053 0.021949
2 0.289278 0.085588 0.030160 0.024502
2 0.355865 0.089926 0.032894 0.020927
2 0.378460 0.127839 0.018290 0.019138
2 0.431970 0.134608 0.030193 0.018370
2 0.445222 0.156434 0.037672 0.033431
2 0.566342 0.134608 0.029889 0.018370
2 0.645670 0.118905 0.030927 0.021691
2 0.681853 0.131671 0.029916 0.016585
2 0.704279 0.154011 0.039433 0.020413
2 0.778683 0.143415 0.033335 0.023730
2 0.789890 0.166136 0.024508 0.019134
2 0.665036 0.173668 0.026171 0.016838
2 0.571435 0.187839 0.026492 0.016581
2 0.394766 0.189624 0.026448 0.018113
2 0.583136 0.468018 0.319709 0.079142
2 0.145930 0.418873 0.291861 0.134030