2 0.491671 0.127652 0.913851 0.255304
2 0.699493 0.575716 0.601014 0.844880
2 0.916471 0.110447 0.049760 0.012539
2 0.816135 0.131935 0.051227 0.011886
2 0.458357 0.204089 0.201332 0.059252
2 0.456642 0.165517 0.052583 0.024888
2 0.638037 0.134202 0.027163 0.014806
2 0.696289 0.121952 0.027648 0.011836
2 0.764875 0.108974 0.024704 0.015170
2 0.765051 0.128759 0.013576 0.011679
2 0.767488 0.149711 0.011569 0.009644
2 0.640077 0.168180 0.032401 0.014715
2 0.593681 0.140637 0.015396 0.012167
2 0.562779 0.143813 0.013311 0.017667
2 0.522581 0.156634 0.024803 0.015732
2 0.473262 0.134955 0.015760 0.011141
2 0.401268 0.157767 0.052087 0.018859
2 0.334116 0.194194 0.017712 0.030562
2 0.364125 0.185335 0.017998 0.011117
2 0.323816 0.253945 0.013201 0.052721
2 0.172363 0.598436 0.173777 0.803128
2 0.148586 0.171365 0.026920 0.032614
2 0.047422 0.189222 0.015440 0.017378
2 0.081742 0.414136 0.027306 0.033664
2 0.959375 0.064844 0.081250 0.026562
2 0.249032 0.826989 0.081456 0.107229