3 0.982704 0.253900 0.034592 0.052801
3 0.641354 0.606015 0.717293 0.787970
3 0.655157 0.170079 0.054345 0.069105
3 0.578125 0.173340 0.015625 0.026367
3 0.429688 0.126953 0.035156 0.050781
3 0.458984 0.053223 0.019531 0.024414
3 0.136230 0.017090 0.032227 0.034180
3 0.249023 0.219238 0.021484 0.020508
3 0.342773 0.318848 0.017578 0.024414
3 0.372070 0.370605 0.013672 0.022461
3 0.248047 0.225098 0.019531 0.028320
3 0.305664 0.261719 0.021484 0.023438
3 0.259766 0.335449 0.031250 0.030273
3 0.259766 0.528809 0.011719 0.018555