2 0.712077 0.682197 0.048737 0.107669
2 0.140638 0.278780 0.233158 0.095350
2 0.423340 0.326458 0.309825 0.106977
2 0.633611 0.312679 0.075394 0.044993
2 0.472259 0.250580 0.140645 0.076161
2 0.726753 0.415704 0.445886 0.119194
2 0.533052 0.455242 0.225331 0.076168
2 0.697576 0.488800 0.035863 0.038123
2 0.777751 0.518165 0.070929 0.050332
2 0.843657 0.712842 0.029071 0.037780
2 0.832414 0.869439 0.043803 0.195603
2 0.864127 0.760379 0.037761 0.013710
2 0.808687 0.611818 0.032321 0.074772
2 0.783254 0.558522 0.039759 0.024058
2 0.859163 0.544916 0.041481 0.016384
2 0.387879 0.550663 0.666115 0.094193