2 0.310326 0.155798 0.376217 0.117844
2 0.295147 0.268972 0.093218 0.099611
2 0.193559 0.172664 0.101791 0.045141
2 0.141877 0.072103 0.033655 0.025067
2 0.252488 0.100831 0.025647 0.007763
2 0.499117 0.082443 0.015965 0.013018
2 0.163701 0.034291 0.055673 0.035910
2 0.052759 0.099596 0.105517 0.042009
2 0.277895 0.306910 0.014893 0.012733
2 0.399704 0.580275 0.130940 0.313172
2 0.342918 0.398204 0.059322 0.040970
2 0.439407 0.408656 0.040831 0.014866
2 0.311718 0.427716 0.032879 0.025109
2 0.284586 0.358187 0.011147 0.013361
2 0.607079 0.974142 0.049921 0.024663
2 0.447588 0.853065 0.052871 0.196833
2 0.505364 0.702589 0.055244 0.024211
2 0.601184 0.711260 0.044414 0.027495
2 0.668397 0.658395 0.103384 0.193093
2 0.652121 0.533884 0.074613 0.063847
2 0.722472 0.437793 0.032966 0.023827
2 0.547180 0.785618 0.047078 0.026493
2 0.524070 0.841533 0.039841 0.015491
2 0.604333 0.836873 0.163900 0.056892
2 0.539795 0.911312 0.115306 0.049328
2 0.784964 0.985030 0.032190 0.029938
2 0.958970 0.306927 0.060695 0.028807