2 0.409635 0.110348 0.135666 0.220696
2 0.147049 0.237031 0.069323 0.037515
2 0.284601 0.279907 0.070990 0.040259
2 0.411302 0.243442 0.159462 0.079624
2 0.447621 0.343522 0.146519 0.093073
2 0.468273 0.415249 0.088941 0.059473
2 0.506528 0.503442 0.050425 0.035664
2 0.421606 0.542964 0.041181 0.026816
2 0.530946 0.602012 0.120964 0.064346
2 0.521719 0.673882 0.128559 0.051831
2 0.582760 0.775957 0.142135 0.119268
2 0.170651 0.335146 0.060104 0.057954
2 0.234141 0.472012 0.095937 0.055811
2 0.275104 0.532588 0.084557 0.047568
2 0.355139 0.614370 0.103559 0.054888