2 0.445540 0.079150 0.102307 0.158300
2 0.466047 0.538295 0.151313 0.154960
2 0.669740 0.606415 0.337380 0.211205
2 0.805025 0.734159 0.389951 0.450693
2 0.143507 0.022280 0.132913 0.044555
2 0.802073 0.076305 0.092713 0.138990
2 0.486380 0.366300 0.157320 0.148970
2 0.595220 0.441670 0.116340 0.075720
2 0.204347 0.191805 0.081253 0.047985
2 0.111167 0.286425 0.057567 0.081230
2 0.264020 0.263555 0.048593 0.039480
2 0.321860 0.090430 0.062940 0.133240
2 0.532047 0.169930 0.032653 0.034235
2 0.583553 0.076805 0.119673 0.107990
2 0.953860 0.094305 0.092280 0.152985
2 0.773247 0.368175 0.240393 0.092725