2 0.499125 0.493059 0.998247 0.054914
2 0.271711 0.372741 0.154380 0.183684
2 0.045022 0.400794 0.090045 0.096134
2 0.120444 0.438363 0.033557 0.024306
2 0.493743 0.373320 0.283904 0.174253
2 0.698628 0.318542 0.112507 0.085218
2 0.823172 0.432487 0.353653 0.037712
2 0.834125 0.378535 0.088576 0.052943
2 0.472011 0.633905 0.095203 0.117487
2 0.609182 0.691002 0.056749 0.059557
2 0.596146 0.649957 0.035642 0.042348
2 0.619670 0.610651 0.032049 0.043178
2 0.691054 0.632083 0.075511 0.084719
2 0.698140 0.183565 0.046711 0.039276