2 0.627083 0.428906 0.745833 0.117188
2 0.865045 0.355277 0.155258 0.075294
2 0.782906 0.164607 0.079217 0.057883
2 0.920573 0.250414 0.036305 0.030993
2 0.505012 0.741356 0.126782 0.466973
2 0.408282 0.633689 0.064152 0.053127
2 0.026181 0.526170 0.040430 0.043681
2 0.103193 0.461919 0.040055 0.018577
2 0.145740 0.519082 0.018009 0.010596
2 0.247963 0.477577 0.061759 0.055203
2 0.265288 0.583036 0.027097 0.027428
2 0.144560 0.628081 0.028244 0.011183
2 0.596769 0.026361 0.022057 0.038983
2 0.600320 0.169628 0.085867 0.065558
2 0.707461 0.238156 0.065376 0.036063
2 0.759261 0.294285 0.016179 0.017105
2 0.919792 0.144531 0.160417 0.151562