2 0.168698 0.218852 0.254997 0.231797
2 0.249409 0.408162 0.129963 0.126348
2 0.599966 0.145707 0.319433 0.279547
2 0.456716 0.513603 0.215227 0.079877
2 0.670236 0.462030 0.121434 0.080903
2 0.247322 0.806658 0.482711 0.386679
2 0.636642 0.860907 0.301471 0.278186
2 0.502862 0.639857 0.080800 0.093411
2 0.600064 0.590711 0.359458 0.097247
2 0.875460 0.824551 0.151042 0.350899
2 0.471275 0.378926 0.324001 0.123019
2 0.740423 0.394114 0.130450 0.113060
2 0.729396 0.417990 0.138615 0.266577
2 0.591814 0.504788 0.058030 0.080633
2 0.321501 0.467647 0.088915 0.118248
2 0.383076 0.269653 0.107776 0.106687
2 0.407969 0.602328 0.042672 0.069416