2 0.517541 0.254160 0.077383 0.062004
2 0.542548 0.298082 0.039900 0.018522
2 0.643716 0.270490 0.038061 0.016547
2 0.432557 0.295999 0.069648 0.066200
2 0.363979 0.170534 0.010866 0.011723
2 0.377870 0.215054 0.014970 0.028464
2 0.373429 0.258983 0.044361 0.068572
2 0.025252 0.119281 0.050301 0.086768
2 0.380556 0.361692 0.047803 0.088381
2 0.829692 0.463512 0.074719 0.090451
2 0.811530 0.327622 0.074194 0.088753
2 0.801557 0.231410 0.058289 0.042512
2 0.469854 0.197102 0.075357 0.058920
2 0.577864 0.145827 0.127234 0.077193
2 0.663868 0.210483 0.021954 0.017354
2 0.739806 0.186590 0.054312 0.031586
2 0.831234 0.177123 0.050718 0.034117
2 0.871472 0.136337 0.041943 0.039618
2 0.874757 0.221110 0.029400 0.020721
2 0.915544 0.217231 0.018534 0.022509
2 0.984016 0.190541 0.015047 0.016979
2 0.711321 0.148969 0.021646 0.019560
2 0.693047 0.097751 0.053223 0.034001
2 0.627313 0.042518 0.120954 0.085036