2 0.431245 0.282147 0.663648 0.270119
2 0.048790 0.168999 0.097579 0.129835
2 0.504505 0.449975 0.156096 0.063044
2 0.344494 0.444094 0.153857 0.074847
2 0.376741 0.383300 0.272501 0.070753
2 0.245194 0.288056 0.048095 0.031133
2 0.123816 0.426452 0.236680 0.077270
2 0.011447 0.031795 0.022884 0.063590
2 0.481223 0.175929 0.829627 0.351858
2 0.875000 0.055469 0.250000 0.110937
2 0.448790 0.565914 0.058759 0.145840
2 0.259222 0.501613 0.089683 0.052060
2 0.087047 0.493763 0.146336 0.046328
2 0.022741 0.552258 0.028718 0.018445
2 0.305972 0.578246 0.086463 0.016741
2 0.414778 0.588040 0.023623 0.014566