2 0.643915 0.659173 0.172131 0.185864
2 0.827273 0.511348 0.081158 0.084591
2 0.921478 0.482572 0.098638 0.128362
2 0.945833 0.420312 0.108333 0.103125
2 0.632423 0.432093 0.044367 0.041886
2 0.907703 0.614036 0.137237 0.124533
2 0.828652 0.650215 0.133554 0.176212
2 0.355313 0.658834 0.157375 0.090066
2 0.525812 0.798908 0.283320 0.074516
2 0.577965 0.745674 0.153273 0.056956
2 0.346126 0.299768 0.138991 0.099818
2 0.664384 0.104897 0.480485 0.158792
2 0.882292 0.279687 0.235417 0.375000
2 0.461935 0.254963 0.293422 0.241795
2 0.048712 0.262895 0.097414 0.203888
2 0.189876 0.650728 0.146314 0.150372
2 0.434364 0.499107 0.348564 0.219330
2 0.744307 0.832002 0.252947 0.049545