2 0.758994 0.323834 0.275960 0.273958
2 0.712018 0.211597 0.040528 0.043618
2 0.694518 0.527715 0.046792 0.070082
2 0.614935 0.500025 0.046055 0.064691
2 0.511772 0.508356 0.056371 0.077434
2 0.328314 0.185831 0.047938 0.058525
2 0.239333 0.347003 0.105070 0.256791
2 0.261332 0.542822 0.084713 0.059072
2 0.335537 0.536107 0.076832 0.069007
2 0.323060 0.426045 0.028238 0.037561
2 0.327482 0.362716 0.046975 0.078616
2 0.367276 0.293709 0.101352 0.151990
2 0.426489 0.367097 0.034148 0.052384
2 0.433983 0.308745 0.025726 0.057279
2 0.547846 0.364463 0.147357 0.085604
2 0.457681 0.460986 0.075519 0.075995
2 0.437981 0.533487 0.078146 0.056778
2 0.380849 0.457492 0.108353 0.121417
2 0.839379 0.512717 0.131667 0.101825
2 0.539375 0.442210 0.136718 0.048916