2 0.239388 0.563480 0.161968 0.227879
2 0.453274 0.636339 0.263403 0.102507
2 0.570615 0.533782 0.072606 0.092577
2 0.789021 0.551163 0.131442 0.083968
2 0.819160 0.657644 0.183459 0.098643
2 0.940136 0.543807 0.119729 0.114179
2 0.089200 0.582686 0.117708 0.089697
2 0.189044 0.307413 0.164554 0.161880
2 0.928261 0.411803 0.143479 0.119710
2 0.673558 0.535186 0.082275 0.171292
2 0.530017 0.455131 0.142186 0.051458
2 0.963889 0.673621 0.072222 0.091873
2 0.674395 0.697195 0.102540 0.039881
2 0.791409 0.481481 0.127956 0.049940
2 0.749583 0.397225 0.170301 0.078157