2 0.088900 0.125346 0.054933 0.250692
2 0.155567 0.372532 0.061033 0.745064
2 0.277344 0.500000 0.067187 1.000000
2 0.340300 0.188545 0.050933 0.377089
2 0.406233 0.177678 0.072700 0.355355
2 0.475000 0.333020 0.056667 0.666041
2 0.578667 0.223399 0.052467 0.446798
2 0.527233 0.049227 0.039400 0.098404
2 0.693133 0.220144 0.058300 0.440238
2 0.919900 0.080776 0.051133 0.161552
2 0.831533 0.031750 0.068500 0.063499
2 0.798933 0.262761 0.069933 0.280989
2 0.751100 0.045922 0.046733 0.091844
2 0.972800 0.078623 0.052600 0.157196