2 0.583619 0.596393 0.386322 0.129555
2 0.456138 0.402804 0.133767 0.155666
2 0.631473 0.478858 0.102493 0.124797
2 0.644182 0.318479 0.052267 0.170000
2 0.037081 0.415203 0.074162 0.312738
2 0.141577 0.199436 0.015561 0.066393
2 0.190260 0.289683 0.054640 0.048479
2 0.182274 0.412998 0.034948 0.052601
2 0.282034 0.022628 0.026136 0.045256
2 0.280561 0.115939 0.019782 0.062540
2 0.287304 0.212941 0.021796 0.033876
2 0.318311 0.332121 0.028006 0.051781
2 0.353192 0.290097 0.029563 0.066940
2 0.350094 0.416305 0.054368 0.057011
2 0.529789 0.148695 0.355476 0.297390
2 0.759373 0.502421 0.141280 0.130031
2 0.864013 0.376213 0.052939 0.084846
2 0.794559 0.057522 0.030598 0.058135
2 0.739834 0.413686 0.050119 0.087050
2 0.326069 0.634004 0.142728 0.106601