2 0.343449 0.156488 0.277147 0.312976
2 0.596811 0.162691 0.287488 0.325382
2 0.811910 0.457715 0.262669 0.416298
2 0.711599 0.545248 0.231645 0.268802
2 0.675922 0.660920 0.296795 0.274556
2 0.579231 0.679531 0.177870 0.168409
2 0.339312 0.344688 0.343331 0.372172
2 0.536121 0.346748 0.187563 0.285344
2 0.289157 0.469432 0.348502 0.296371
2 0.237968 0.533531 0.246123 0.256396
2 0.221939 0.634160 0.276113 0.204014
2 0.156788 0.665865 0.147881 0.093736
2 0.533729 0.719233 0.213031 0.166201
2 0.482022 0.743059 0.182007 0.137847
2 0.139208 0.701451 0.195451 0.110786
2 0.688331 0.794758 0.137539 0.108899
2 0.496879 0.454556 0.974217 0.909112