2 0.909172 0.364868 0.173340 0.339695
2 0.792535 0.677239 0.219772 0.326402
2 0.415457 0.677216 0.830914 0.369194
2 0.108473 0.643791 0.216946 0.123065
2 0.120631 0.514269 0.241262 0.189155
2 0.385129 0.617583 0.384996 0.172442
2 0.485636 0.562895 0.127235 0.047849
2 0.584108 0.569347 0.051889 0.054682
2 0.740116 0.390372 0.055969 0.023697
2 0.603661 0.432837 0.079647 0.046642
2 0.412903 0.412101 0.090345 0.050132
2 0.446231 0.380041 0.033824 0.032208
2 0.030968 0.401232 0.061935 0.049074
2 0.215065 0.417262 0.240849 0.076270
2 0.323761 0.343945 0.163264 0.063342
2 0.493234 0.095070 0.077596 0.097990
2 0.612275 0.133590 0.149556 0.057419
2 0.638004 0.217907 0.114298 0.060455
2 0.616829 0.312639 0.114100 0.088255
2 0.857326 0.150149 0.139675 0.129132
2 0.802415 0.276104 0.091447 0.117270
2 0.926042 0.058594 0.147917 0.060937
2 0.533245 0.027990 0.027968 0.027039
2 0.571139 0.013251 0.012980 0.010935
2 0.035842 0.307279 0.071685 0.121588
2 0.191354 0.164202 0.081588 0.053921
2 0.977568 0.702523 0.026843 0.026865
2 0.500000 0.655334 1.000000 0.483143