2 0.424980 0.278080 0.303363 0.232473
2 0.047560 0.348361 0.086640 0.053083
2 0.160972 0.286463 0.101048 0.050097
2 0.244620 0.417726 0.128505 0.086930
2 0.266190 0.485432 0.030036 0.027185
2 0.397087 0.434154 0.084722 0.079958
2 0.473985 0.522686 0.070354 0.040625
2 0.067920 0.569320 0.125592 0.136550
2 0.255460 0.660012 0.075840 0.036481
2 0.599792 0.246223 0.104239 0.066530
2 0.577880 0.302644 0.028552 0.020064
2 0.330698 0.090811 0.049302 0.030523
2 0.420430 0.067495 0.035823 0.021064
2 0.255017 0.156773 0.032467 0.035000
2 0.355599 0.538872 0.125651 0.075652
2 0.364891 0.665737 0.098214 0.109000
2 0.275602 0.808782 0.163919 0.134881
2 0.673704 0.816912 0.133466 0.128574