2 0.568369 0.136071 0.199872 0.201697
2 0.506667 0.204227 0.045999 0.052415
2 0.566297 0.304094 0.037320 0.058213
2 0.468310 0.313995 0.097204 0.169892
2 0.567400 0.453797 0.077629 0.077940
2 0.530521 0.593513 0.261960 0.486372
2 0.492673 0.772232 0.189666 0.296163
2 0.151716 0.661387 0.303433 0.332546
2 0.911707 0.285021 0.069424 0.148685
2 0.842559 0.486551 0.097160 0.223069
2 0.770775 0.639620 0.111464 0.084160
2 0.726628 0.568081 0.058561 0.047246
2 0.774767 0.225095 0.026920 0.106410
2 0.682823 0.307866 0.093444 0.151505
2 0.665641 0.456799 0.042746 0.075773