2 0.541450 0.295806 0.634420 0.085691
2 0.808668 0.413135 0.184560 0.123904
2 0.519360 0.364913 0.325128 0.096617
2 0.267075 0.482051 0.080154 0.129396
2 0.414591 0.622473 0.060877 0.102134
2 0.563948 0.552349 0.111453 0.154185
2 0.495936 0.744979 0.085702 0.105203
2 0.283628 0.618337 0.157364 0.135219
2 0.228939 0.775988 0.141726 0.150678
2 0.215054 0.977667 0.088227 0.044665
2 0.263854 0.359222 0.141351 0.060438
2 0.155181 0.693962 0.090709 0.325757
2 0.543733 0.659181 0.037916 0.045269
2 0.648966 0.469479 0.077463 0.052556
2 0.597265 0.438991 0.059531 0.022589
2 0.529253 0.458627 0.066865 0.057734
2 0.384715 0.430893 0.026446 0.065972