2 0.582910 0.433745 0.775788 0.724913
2 0.659498 0.075269 0.370554 0.150538
2 0.589920 0.333540 0.088933 0.092911
2 0.109457 0.421902 0.218914 0.404053
2 0.413697 0.729983 0.577414 0.201348
2 0.364952 0.117328 0.115600 0.147204
2 0.141075 0.031878 0.282140 0.063755
2 0.542355 0.190538 0.040673 0.042647
2 0.688260 0.260132 0.219465 0.206650
2 0.934375 0.244531 0.131250 0.123438
2 0.764775 0.507899 0.077474 0.085972
2 0.588983 0.521696 0.177601 0.093218
2 0.613808 0.426931 0.127963 0.063557
2 0.489959 0.267031 0.112357 0.104648